    2       1.306046680574e-10 
    3       1.264336543683e-10 
    4       1.213192909349e-10 
    5       1.170885633441e-10 
    6       1.139513183269e-10 
    7       1.117636856700e-10 
    8       1.104071436376e-10 
    9       1.097020296057e-10 
   10       1.094972023293e-10 
   11       1.097009371024e-10 
   12       1.102194930565e-10 
   13       1.109809327391e-10 
   14       1.119138544262e-10 
   15       1.130665070506e-10 
   16       1.142876461462e-10 
   17       1.156163171169e-10 
   18       1.170341559597e-10 
   19       1.185329988290e-10 
   20       1.200686408476e-10 
   21       1.216604263983e-10 
   22       1.233153025023e-10 
   23       1.250237681724e-10 
   24       1.267510547054e-10 
   25       1.284994661749e-10 
   26       1.302684004533e-10 
   27       1.320606206388e-10 
   28       1.338703202318e-10 
   29       1.357029152669e-10 
   30       1.375547807542e-10 
   31       1.394125910635e-10 
   32       1.412831573770e-10 
   33       1.431722614383e-10 
   34       1.450789095946e-10 
   35       1.470065715112e-10 
   36       1.489541549310e-10 
   37       1.509161382438e-10 
   38       1.528963579848e-10 
   39       1.548975900542e-10 
   40       1.569171168430e-10 
   41       1.589492886352e-10 
   42       1.609956051698e-10 
   43       1.630569395607e-10 
   44       1.651303225470e-10 
   45       1.672115054314e-10 
   46       1.693044212182e-10 
   47       1.714139321893e-10 
   48       1.735429574694e-10 
   49       1.756922772503e-10 
   50       1.778614415826e-10 
   51       1.800522417620e-10 
   52       1.822658428015e-10 
   53       1.845016208359e-10 
   54       1.867570193259e-10 
   55       1.890290505747e-10 
   56       1.913195665062e-10 
   57       1.936310453919e-10 
   58       1.959649832996e-10 
   59       1.983218144011e-10 
   60       2.007008312791e-10 
   61       2.031010837114e-10 
   62       2.055244910565e-10 
   63       2.079732902396e-10 
   64       2.104490712401e-10 
   65       2.129527284451e-10 
   66       2.154844120032e-10 
   67       2.180434791782e-10 
   68       2.206291352623e-10 
   69       2.232426158572e-10 
   70       2.258853614219e-10 
   71       2.285583363835e-10 
   72       2.312619981262e-10 
   73       2.339962659814e-10 
   74       2.367604902165e-10 
   75       2.395534210250e-10 
   76       2.423738146440e-10 
   77       2.452224478611e-10 
   78       2.481004162299e-10 
   79       2.510085118750e-10 
   80       2.539472055469e-10 
   81       2.569166286762e-10 
   82       2.599165554277e-10 
   83       2.629463847551e-10 
   84       2.660055039127e-10 
   85       2.690944875424e-10 
   86       2.722140653919e-10 
   87       2.753647471663e-10 
   88       2.785468109931e-10 
   89       2.817602918882e-10 
   90       2.850049702210e-10 
   91       2.882803601794e-10 
   92       2.915856982360e-10 
   93       2.949202224953e-10 
   94       2.982840838518e-10 
   95       3.016775511818e-10 
   96       3.051007252301e-10 
   97       3.085535310687e-10 
   98       3.120357105549e-10 
   99       3.155468147897e-10 
  100       3.190861965756e-10 
  101       3.226530028754e-10 
  102       3.262461672704e-10 
  103       3.298644024185e-10 
  104       3.335064797217e-10 
  105       3.371721275989e-10 
  106       3.408612410620e-10 
  107       3.445736010089e-10 
  108       3.483088698390e-10 
  109       3.520665870666e-10 
  110       3.558461649361e-10 
  111       3.596468840360e-10 
  112       3.634678889134e-10 
  113       3.673081836884e-10 
  114       3.711666276687e-10 
  115       3.750419309636e-10 
  116       3.789328364362e-10 
  117       3.828387000303e-10 
  118       3.867589730931e-10 
  119       3.906930196428e-10 
  120       3.946401136308e-10 
  121       3.985994362036e-10 
  122       4.025700729647e-10 
  123       4.065510112365e-10 
  124       4.105411373223e-10 
  125       4.145392337686e-10 
  126       4.185439766265e-10 
  127       4.225539327141e-10 
  128       4.265675568781e-10 
  129       4.305833541119e-10 
  130       4.346003918310e-10 
  131       4.386178388821e-10 
  132       4.426348041818e-10 
  133       4.466503351577e-10 
  134       4.506634161908e-10 
  135       4.546729670565e-10 
  136       4.586778413666e-10 
  137       4.626768250104e-10 
  138       4.666686345969e-10 
  139       4.706519158961e-10 
  140       4.746252422807e-10 
  141       4.785871131675e-10 
  142       4.825359524593e-10 
  143       4.864701069864e-10 
  144       4.903879822060e-10 
  145       4.942884676685e-10 
  146       4.981705507293e-10 
  147       5.020331822950e-10 
  148       5.058752760532e-10 
  149       5.096957077035e-10 
  150       5.134933141879e-10 
  151       5.172668929208e-10 
  152       5.210152010200e-10 
  153       5.247369545369e-10 
  154       5.284308276868e-10 
  155       5.320954520796e-10 
  156       5.357294159502e-10 
  157       5.393312633887e-10 
  158       5.428994935714e-10 
  159       5.464325599906e-10 
  160       5.499288696854e-10 
  161       5.533868980529e-10 
  162       5.568055463079e-10 
  163       5.601838143105e-10 
  164       5.635206875929e-10 
  165       5.668151371212e-10 
  166       5.700661190580e-10 
  167       5.732725745246e-10 
  168       5.764334293628e-10 
  169       5.795475938975e-10 
  170       5.826139626991e-10 
  171       5.856314143451e-10 
  172       5.885988111828e-10 
  173       5.915149990915e-10 
  174       5.943788072444e-10 
  175       5.971890478711e-10 
  176       5.999445160200e-10 
  177       6.026439893199e-10 
  178       6.052862277428e-10 
  179       6.078699733660e-10 
  180       6.103940371881e-10 
  181       6.128575677929e-10 
  182       6.152598036340e-10 
  183       6.175999879829e-10 
  184       6.198773690110e-10 
  185       6.220911998733e-10 
  186       6.242407387904e-10 
  187       6.263252491322e-10 
  188       6.283439995000e-10 
  189       6.302962638102e-10 
  190       6.321813213762e-10 
  191       6.339984569920e-10 
  192       6.357469610148e-10 
  193       6.374261294479e-10 
  194       6.390352640235e-10 
  195       6.405736722855e-10 
  196       6.420406676726e-10 
  197       6.434355696010e-10 
  198       6.447577035473e-10 
  199       6.460064011313e-10 
  200       6.471810001990e-10 
  201       6.482808992714e-10 
  202       6.493057250546e-10 
  203       6.502551770686e-10 
  204       6.511289745992e-10 
  205       6.519268569411e-10 
  206       6.526485836418e-10 
  207       6.532939347445e-10 
  208       6.538627110327e-10 
  209       6.543547342725e-10 
  210       6.547698474572e-10 
  211       6.551079150503e-10 
  212       6.553688232290e-10 
  213       6.555524801280e-10 
  214       6.556588160830e-10 
  215       6.556877838742e-10 
  216       6.556393589695e-10 
  217       6.555135397688e-10 
  218       6.553103478469e-10 
  219       6.550298281972e-10 
  220       6.546720494754e-10 
  221       6.542371042428e-10 
  222       6.537251092102e-10 
  223       6.531362054810e-10 
  224       6.524705703337e-10 
  225       6.517284529053e-10 
  226       6.509101412738e-10 
  227       6.500159513950e-10 
  228       6.490462273740e-10 
  229       6.480013417358e-10 
  230       6.468816956964e-10 
  231       6.456877194341e-10 
  232       6.444198723602e-10 
  233       6.430786433899e-10 
  234       6.416645512138e-10 
  235       6.401781445684e-10 
  236       6.386200025077e-10 
  237       6.369907346735e-10 
  238       6.352909815671e-10 
  239       6.335214148196e-10 
  240       6.316827374638e-10 
  241       6.297756842045e-10 
  242       6.278010216896e-10 
  243       6.257595487815e-10 
  244       6.236520968279e-10 
  245       6.214795299325e-10 
  246       6.192427452267e-10 
  247       6.169426731399e-10 
  248       6.145802776711e-10 
  249       6.121565566595e-10 
  250       6.096725014496e-10 
  251       6.071289727446e-10 
  252       6.045268181136e-10 
  253       6.018669121448e-10 
  254       5.991501566390e-10 
  255       5.963774808034e-10 
  256       5.935498414442e-10 
  257       5.906682231608e-10 
  258       5.877336385383e-10 
  259       5.847471283415e-10 
  260       5.817097617083e-10 
  261       5.786226363423e-10 
  262       5.754868787071e-10 
  263       5.723036442192e-10 
  264       5.690741174412e-10 
  265       5.657995122755e-10 
  266       5.624810721577e-10 
  267       5.591200702494e-10 
  268       5.557178096324e-10 
  269       5.522756235012e-10 
  270       5.487948753572e-10 
  271       5.452769592014e-10 
  272       5.417232997280e-10 
  273       5.381353525179e-10 
  274       5.345146042318e-10 
  275       5.308625728038e-10 
  276       5.271808076346e-10 
  277       5.234708897850e-10 
  278       5.197344321690e-10 
  279       5.159729859211e-10 
  280       5.121877537288e-10 
  281       5.083798620248e-10 
  282       5.045504535246e-10 
  283       5.007006872759e-10 
  284       4.968317387074e-10 
  285       4.929447996789e-10 
  286       4.890410785295e-10 
  287       4.851218001276e-10 
  288       4.811882059198e-10 
  289       4.772415539803e-10 
  290       4.732831190599e-10 
  291       4.693141926355e-10 
  292       4.653360829591e-10 
  293       4.613501151073e-10 
  294       4.573576310302e-10 
  295       4.533599896010e-10 
  296       4.493585666649e-10 
  297       4.453547550887e-10 
  298       4.413499648095e-10 
  299       4.373456228847e-10 
  300       4.333431735404e-10 
  301       4.293440782213e-10 
  302       4.253498156395e-10 
  303       4.213618818241e-10 
  304       4.173817901700e-10 
  305       4.134110714876e-10 
  306       4.094512740517e-10 
  307       4.055039636508e-10 
  308       4.015707236366e-10 
  309       3.976531549728e-10 
  310       3.937528762846e-10 
  311       3.898715239080e-10 
  312       3.860106292484e-10 
  313       3.821712444667e-10 
  314       3.783542995211e-10 
  315       3.745607231914e-10 
  316       3.707914429767e-10 
  317       3.670473849940e-10 
  318       3.633294738772e-10 
  319       3.596386326750e-10 
  320       3.559757827496e-10 
  321       3.523418436751e-10 
  322       3.487377331361e-10 
  323       3.451643668261e-10 
  324       3.416226583459e-10 
  325       3.381135191022e-10 
  326       3.346378582061e-10 
  327       3.311965823714e-10 
  328       3.277905958130e-10 
  329       3.244208001458e-10 
  330       3.210880942829e-10 
  331       3.177933743339e-10 
  332       3.145375335036e-10 
  333       3.113214619907e-10 
  334       3.081460468855e-10 
  335       3.050121720694e-10 
  336       3.019207181125e-10 
  337       2.988725621726e-10 
  338       2.958685778934e-10 
  339       2.929096353031e-10 
  340       2.899966007129e-10 
  341       2.871303366153e-10 
  342       2.843117015828e-10 
  343       2.815415501662e-10 
  344       2.788207327932e-10 
  345       2.761500956667e-10 
  346       2.735304806635e-10 
  347       2.709627252326e-10 
  348       2.684476622937e-10 
  349       2.659860355752e-10 
  350       2.635782419538e-10 
  351       2.612245782136e-10 
  352       2.589253244569e-10 
  353       2.566807439195e-10 
  354       2.544910827862e-10 
  355       2.523565700063e-10 
  356       2.502774171089e-10 
  357       2.482538180183e-10 
  358       2.462859488694e-10 
  359       2.443739678231e-10 
  360       2.425180148818e-10 
  361       2.407182117046e-10 
  362       2.389746614229e-10 
  363       2.372874484557e-10 
  364       2.356566383250e-10 
  365       2.340822774712e-10 
  366       2.325643930686e-10 
  367       2.311029928407e-10 
  368       2.296980648756e-10 
  369       2.283495774413e-10 
  370       2.270574788016e-10 
  371       2.258216970307e-10 
  372       2.246421398292e-10 
  373       2.235186943395e-10 
  374       2.224512269607e-10 
  375       2.214395831646e-10 
  376       2.204835873107e-10 
  377       2.195830424618e-10 
  378       2.187377301993e-10 
  379       2.179474104386e-10 
  380       2.172118212446e-10 
  381       2.165306786471e-10 
  382       2.159036764558e-10 
  383       2.153304860766e-10 
  384       2.148107563259e-10 
  385       2.143441132469e-10 
  386       2.139301599245e-10 
  387       2.135684763008e-10 
  388       2.132586372633e-10 
  389       2.130002680318e-10 
  390       2.127929904809e-10 
  391       2.126364048848e-10 
  392       2.125300897477e-10 
  393       2.124736016329e-10 
  394       2.124664749937e-10 
  395       2.125082220024e-10 
  396       2.125983323809e-10 
  397       2.127362732304e-10 
  398       2.129214888614e-10 
  399       2.131534006233e-10 
  400       2.134314067349e-10 
  401       2.137548821136e-10 
  402       2.141231782063e-10 
  403       2.145356228182e-10 
  404       2.149915199437e-10 
  405       2.154901495957e-10 
  406       2.160307676360e-10 
  407       2.166126056048e-10 
  408       2.172348705507e-10 
  409       2.178967448611e-10 
  410       2.185973860915e-10 
  411       2.193359267957e-10 
  412       2.201114743559e-10 
  413       2.209231108123e-10 
  414       2.217698926934e-10 
  415       2.226508508454e-10 
  416       2.235649902627e-10 
  417       2.245112899176e-10 
  418       2.254887025899e-10 
  419       2.264961546975e-10 
  420       2.275325461258e-10 
  421       2.285967500576e-10 
  422       2.296876128037e-10 
  423       2.308039536319e-10 
  424       2.319445645975e-10 
  425       2.331082103732e-10 
  426       2.342936280790e-10 
  427       2.354996425108e-10 
  428       2.367255164917e-10 
  429       2.379706121061e-10 
  430       2.392342762837e-10 
  431       2.405158407053e-10 
  432       2.418146217081e-10 
  433       2.431299201919e-10 
  434       2.444610215245e-10 
  435       2.458071954477e-10 
  436       2.471676959824e-10 
  437       2.485417613350e-10 
  438       2.499286138028e-10 
  439       2.513274596795e-10 
  440       2.527374891613e-10 
  441       2.541578762522e-10 
  442       2.555877786700e-10 
  443       2.570263377519e-10 
  444       2.584726783603e-10 
  445       2.599259087882e-10 
  446       2.613851206653e-10 
  447       2.628493888633e-10 
  448       2.643177714021e-10 
  449       2.657893093549e-10 
  450       2.672630267544e-10 
  451       2.687379304982e-10 
  452       2.702130102548e-10 
  453       2.716872383689e-10 
  454       2.731595697674e-10 
  455       2.746289418650e-10 
  456       2.760942744700e-10 
  457       2.775544696899e-10 
  458       2.790084118371e-10 
  459       2.804549673344e-10 
  460       2.818929846214e-10 
  461       2.833212940593e-10 
  462       2.847387078373e-10 
  463       2.861440198777e-10 
  464       2.875360057424e-10 
  465       2.889134225378e-10 
  466       2.902751596263e-10 
  467       2.916206961265e-10 
  468       2.929496575006e-10 
  469       2.942616660289e-10 
  470       2.955563407978e-10 
  471       2.968332976894e-10 
  472       2.980921493700e-10 
  473       2.993325052787e-10 
  474       3.005539716170e-10 
  475       3.017561513369e-10 
  476       3.029386441301e-10 
  477       3.041010464170e-10 
  478       3.052429513352e-10 
  479       3.063639487287e-10 
  480       3.074636251364e-10 
  481       3.085415637814e-10 
  482       3.095973445595e-10 
  483       3.106305440281e-10 
  484       3.116407353952e-10 
  485       3.126274885083e-10 
  486       3.135903698429e-10 
  487       3.145289424919e-10 
  488       3.154427661539e-10 
  489       3.163313971226e-10 
  490       3.171943882750e-10 
  491       3.180312890610e-10 
  492       3.188416454918e-10 
  493       3.196250001286e-10 
  494       3.203808920721e-10 
  495       3.211088569508e-10 
  496       3.218084269098e-10 
  497       3.224791306003e-10 
  498       3.231204931678e-10 
  499       3.237320362411e-10 
  500       3.243132779215e-10 
  501       3.248637327714e-10 
  502       3.253829118029e-10 
  503       3.258703224671e-10 
  504       3.263254686430e-10 
  505       3.267479558253e-10 
  506       3.271378100457e-10 
  507       3.274951681178e-10 
  508       3.278201733065e-10 
  509       3.281129753665e-10 
  510       3.283737305807e-10 
  511       3.286026017978e-10 
  512       3.287997584712e-10 
  513       3.289653766973e-10 
  514       3.290996392530e-10 
  515       3.292027356350e-10 
  516       3.292748620971e-10 
  517       3.293162216892e-10 
  518       3.293270242952e-10 
  519       3.293074866710e-10 
  520       3.292578324836e-10 
  521       3.291782923485e-10 
  522       3.290691038684e-10 
  523       3.289305116713e-10 
  524       3.287627674489e-10 
  525       3.285661299946e-10 
  526       3.283408652423e-10 
  527       3.280872463040e-10 
  528       3.278055535085e-10 
  529       3.274960744394e-10 
  530       3.271591039736e-10 
  531       3.267949443195e-10 
  532       3.264039050550e-10 
  533       3.259863031661e-10 
  534       3.255424630851e-10 
  535       3.250727167287e-10 
  536       3.245774035363e-10 
  537       3.240568705084e-10 
  538       3.235114722448e-10 
  539       3.229415709827e-10 
  540       3.223475366353e-10 
  541       3.217297468295e-10 
  542       3.210885869449e-10 
  543       3.204244501516e-10 
  544       3.197377504153e-10 
  545       3.190289618191e-10 
  546       3.182985803693e-10 
  547       3.175471111676e-10 
  548       3.167750684542e-10 
  549       3.159829756514e-10 
  550       3.151713654072e-10 
  551       3.143407796390e-10 
  552       3.134917695764e-10 
  553       3.126248958055e-10 
  554       3.117407283120e-10 
  555       3.108398465249e-10 
  556       3.099228393597e-10 
  557       3.089903052623e-10 
  558       3.080428522522e-10 
  559       3.070810979663e-10 
  560       3.061056697019e-10 
  561       3.051172044610e-10 
  562       3.041163489929e-10 
  563       3.031037598387e-10 
  564       3.020801033738e-10 
  565       3.010460558521e-10 
  566       3.000023034493e-10 
  567       2.989495423063e-10 
  568       2.978884785730e-10 
  569       2.968198284515e-10 
  570       2.957443182397e-10 
  571       2.946626843749e-10 
  572       2.935756734772e-10 
  573       2.924840423933e-10 
  574       2.913885582394e-10 
  575       2.902899984453e-10 
  576       2.891891507977e-10 
  577       2.880868134835e-10 
  578       2.869837951339e-10 
  579       2.858809148670e-10 
  580       2.847790023323e-10 
  581       2.836788977535e-10 
  582       2.825814519721e-10 
  583       2.814874561466e-10 
  584       2.803974288302e-10 
  585       2.793118236595e-10 
  586       2.782310992368e-10 
  587       2.771557191487e-10 
  588       2.760861519849e-10 
  589       2.750228713565e-10 
  590       2.739663559154e-10 
  591       2.729170893724e-10 
  592       2.718755605165e-10 
  593       2.708422632331e-10 
  594       2.698176965227e-10 
  595       2.688023645203e-10 
  596       2.677967765132e-10 
  597       2.668014469604e-10 
  598       2.658168955111e-10 
  599       2.648436470234e-10 
  600       2.638822315827e-10 
  601       2.629331845211e-10 
  602       2.619970464356e-10 
  603       2.610743632068e-10 
  604       2.601656860182e-10 
  605       2.592715713740e-10 
  606       2.583925811185e-10 
  607       2.575292824548e-10 
  608       2.566822479631e-10 
  609       2.558520556197e-10 
  610       2.550392888157e-10 
  611       2.542445363756e-10 
  612       2.534683925764e-10 
  613       2.527114571656e-10 
  614       2.519743353806e-10 
  615       2.512576379671e-10 
  616       2.505619811978e-10 
  617       2.498879868912e-10 
  618       2.492362824304e-10 
  619       2.486075007816e-10 
  620       2.480022805129e-10 
  621       2.474212658132e-10 
  622       2.468650105303e-10 
  623       2.463336877801e-10 
  624       2.458273735721e-10 
  625       2.453461421628e-10 
  626       2.448900660446e-10 
  627       2.444592159351e-10 
  628       2.440536607661e-10 
  629       2.436734676721e-10 
  630       2.433187019798e-10 
  631       2.429894271969e-10 
  632       2.426857050012e-10 
  633       2.424075952294e-10 
  634       2.421551558661e-10 
  635       2.419284430332e-10 
  636       2.417275109783e-10 
  637       2.415524120640e-10 
  638       2.414031967571e-10 
  639       2.412799136172e-10 
  640       2.411826092859e-10 
  641       2.411113284757e-10 
  642       2.410661139592e-10 
  643       2.410470065576e-10 
  644       2.410540451306e-10 
  645       2.410872665642e-10 
  646       2.411467057608e-10 
  647       2.412323956275e-10 
  648       2.413443670653e-10 
  649       2.414826489583e-10 
  650       2.416472681622e-10 
  651       2.418382494938e-10 
  652       2.420556157197e-10 
  653       2.422993875455e-10 
  654       2.425695836044e-10 
  655       2.428662204468e-10 
  656       2.431893125288e-10 
  657       2.435388722012e-10 
  658       2.439149096990e-10 
  659       2.443174331297e-10 
  660       2.447464484628e-10 
  661       2.452019031145e-10 
  662       2.456835153597e-10 
  663       2.461909411364e-10 
  664       2.467238300828e-10 
  665       2.472818255110e-10 
  666       2.478645643804e-10 
  667       2.484716772710e-10 
  668       2.491027883575e-10 
  669       2.497575153822e-10 
  670       2.504354696289e-10 
  671       2.511362558964e-10 
  672       2.518594724717e-10 
  673       2.526047111042e-10 
  674       2.533715569784e-10 
  675       2.541595886880e-10 
  676       2.549683782093e-10 
  677       2.557974908746e-10 
  678       2.566464853459e-10 
  679       2.575149135881e-10 
  680       2.584023208430e-10 
  681       2.593082456025e-10 
  682       2.602322195823e-10 
  683       2.611737676951e-10 
  684       2.621324080246e-10 
  685       2.631076517987e-10 
  686       2.640990033631e-10 
  687       2.651059601547e-10 
  688       2.661280126756e-10 
  689       2.671646444660e-10 
  690       2.682153320782e-10 
  691       2.692795450497e-10 
  692       2.703567458771e-10 
  693       2.714463899896e-10 
  694       2.725479257224e-10 
  695       2.736607942899e-10 
  696       2.747844297601e-10 
  697       2.759182590271e-10 
  698       2.770617017855e-10 
  699       2.782141705033e-10 
  700       2.793750862172e-10 
  701       2.805439263318e-10 
  702       2.817201777637e-10 
  703       2.829033211875e-10 
  704       2.840928310132e-10 
  705       2.852881753637e-10 
  706       2.864888160521e-10 
  707       2.876942085593e-10 
  708       2.889038020110e-10 
  709       2.901170391555e-10 
  710       2.913333563408e-10 
  711       2.925521834923e-10 
  712       2.937729440899e-10 
  713       2.949950551453e-10 
  714       2.962179271801e-10 
  715       2.974409642022e-10 
  716       2.986635636840e-10 
  717       2.998851165393e-10 
  718       3.011050071010e-10 
  719       3.023226130984e-10 
  720       3.035373056345e-10 
  721       3.047484491635e-10 
  722       3.059554014680e-10 
  723       3.071575136369e-10 
  724       3.083541300421e-10 
  725       3.095445883165e-10 
  726       3.107282193309e-10 
  727       3.119043471719e-10 
  728       3.130722891188e-10 
  729       3.142313556214e-10 
  730       3.153808502771e-10 
  731       3.165200698084e-10 
  732       3.176483040404e-10 
  733       3.187648358781e-10 
  734       3.198689412837e-10 
  735       3.209598892541e-10 
  736       3.220369417985e-10 
  737       3.230993539153e-10 
  738       3.241463735699e-10 
  739       3.251773147478e-10 
  740       3.261917782411e-10 
  741       3.271894351752e-10 
  742       3.281699543205e-10 
  743       3.291330020864e-10 
  744       3.300782425145e-10 
  745       3.310053372721e-10 
  746       3.319139456454e-10 
  747       3.328037245335e-10 
  748       3.336743284410e-10 
  749       3.345254094722e-10 
  750       3.353566173239e-10 
  751       3.361675992796e-10 
  752       3.369580002020e-10 
  753       3.377274625272e-10 
  754       3.384756262577e-10 
  755       3.392021289559e-10 
  756       3.399066057378e-10 
  757       3.405886892660e-10 
  758       3.412480097435e-10 
  759       3.418841949068e-10 
  760       3.424968700198e-10 
  761       3.430856578666e-10 
  762       3.436501787456e-10 
  763       3.441900504623e-10 
  764       3.447048883232e-10 
  765       3.451943051291e-10 
  766       3.456579111683e-10 
  767       3.460953142103e-10 
  768       3.465061194994e-10 
  769       3.468899297474e-10 
  770       3.472463451279e-10 
  771       3.475749632692e-10 
  772       3.478753792479e-10 
  773       3.481471855823e-10 
  774       3.483899722257e-10 
  775       3.486033265601e-10 
  776       3.487868333895e-10 
  777       3.489400749333e-10 
  778       3.490627107780e-10 
  779       3.491547193901e-10 
  780       3.492161611193e-10 
  781       3.492470986596e-10 
  782       3.492475970590e-10 
  783       3.492177237284e-10 
  784       3.491575484507e-10 
  785       3.490671433908e-10 
  786       3.489465831039e-10 
  787       3.487959445455e-10 
  788       3.486153070803e-10 
  789       3.484047524917e-10 
  790       3.481643649907e-10 
  791       3.478942312255e-10 
  792       3.475944402907e-10 
  793       3.472650837364e-10 
  794       3.469062555777e-10 
  795       3.465180523036e-10 
  796       3.461005728868e-10 
  797       3.456539187924e-10 
  798       3.451781939876e-10 
  799       3.446735049506e-10 
  800       3.441399606802e-10 
  801       3.435776727047e-10 
  802       3.429867550916e-10 
  803       3.423673244566e-10 
  804       3.417194999726e-10 
  805       3.410434033796e-10 
  806       3.403391589935e-10 
  807       3.396068937153e-10 
  808       3.388467370407e-10 
  809       3.380588210692e-10 
  810       3.372432805133e-10 
  811       3.364002527079e-10 
  812       3.355298776194e-10 
  813       3.346322978550e-10 
  814       3.337076586722e-10 
  815       3.327561079876e-10 
  816       3.317777963866e-10 
  817       3.307729153625e-10 
  818       3.297418127642e-10 
  819       3.286848794294e-10 
  820       3.276025111566e-10 
  821       3.264951087222e-10 
  822       3.253630778962e-10 
  823       3.242068294580e-10 
  824       3.230267792132e-10 
  825       3.218233480092e-10 
  826       3.205969617516e-10 
  827       3.193480514203e-10 
  828       3.180770530854e-10 
  829       3.167844079235e-10 
  830       3.154705622341e-10 
  831       3.141359674551e-10 
  832       3.127810801794e-10 
  833       3.114063621710e-10 
  834       3.100122803808e-10 
  835       3.085993069632e-10 
  836       3.071679192919e-10 
  837       3.057185999759e-10 
  838       3.042518368762e-10 
  839       3.027681231211e-10 
  840       3.012679571233e-10 
  841       2.997518425950e-10 
  842       2.982202885649e-10 
  843       2.966738093939e-10 
  844       2.951129247911e-10 
  845       2.935381598303e-10 
  846       2.919500449658e-10 
  847       2.903491160488e-10 
  848       2.887359143434e-10 
  849       2.871109865425e-10 
  850       2.854748847844e-10 
  851       2.838281666686e-10 
  852       2.821713952719e-10 
  853       2.805051391647e-10 
  854       2.788299724271e-10 
  855       2.771464746648e-10 
  856       2.754552082092e-10 
  857       2.737566492574e-10 
  858       2.720512555896e-10 
  859       2.703394892920e-10 
  860       2.686218167685e-10 
  861       2.668987087535e-10 
  862       2.651706403243e-10 
  863       2.634380909132e-10 
  864       2.617015443205e-10 
  865       2.599614887259e-10 
  866       2.582184167021e-10 
  867       2.564728252262e-10 
  868       2.547252156926e-10 
  869       2.529760939253e-10 
  870       2.512259701901e-10 
  871       2.494753592073e-10 
  872       2.477247801641e-10 
  873       2.459747567264e-10 
  874       2.442258170522e-10 
  875       2.424784938030e-10 
  876       2.407333241568e-10 
  877       2.389908498203e-10 
  878       2.372516170413e-10 
  879       2.355161766212e-10 
  880       2.337850839272e-10 
  881       2.320588989049e-10 
  882       2.303381860904e-10 
  883       2.286235146231e-10 
  884       2.269154582578e-10 
  885       2.252145953771e-10 
  886       2.235215090040e-10 
  887       2.218367868142e-10 
  888       2.201610211482e-10 
  889       2.184948090241e-10 
  890       2.168387521500e-10 
  891       2.151934569360e-10 
  892       2.135595345070e-10 
  893       2.119376007148e-10 
  894       2.103282761506e-10 
  895       2.087321224965e-10 
  896       2.071494504155e-10 
  897       2.055805085524e-10 
  898       2.040255469130e-10 
  899       2.024848168678e-10 
  900       2.009585711542e-10 
  901       1.994470638798e-10 
  902       1.979505505250e-10 
  903       1.964692879460e-10 
  904       1.950035343775e-10 
  905       1.935535494360e-10 
  906       1.921195941221e-10 
  907       1.907019308237e-10 
  908       1.893008233190e-10 
  909       1.879165367788e-10 
  910       1.865493377701e-10 
  911       1.851994942584e-10 
  912       1.838672756109e-10 
  913       1.825529525991e-10 
  914       1.812567974019e-10 
  915       1.799790836084e-10 
  916       1.787200862207e-10 
  917       1.774800816569e-10 
  918       1.762593477538e-10 
  919       1.750581637697e-10 
  920       1.738768103878e-10 
  921       1.727155697184e-10 
  922       1.715747253020e-10 
  923       1.704545621125e-10 
  924       1.693553665596e-10 
  925       1.682774264918e-10 
  926       1.672210311995e-10 
  927       1.661864714176e-10 
  928       1.651740393284e-10 
  929       1.641840285647e-10 
  930       1.632167342122e-10 
  931       1.622724528131e-10 
  932       1.613514823680e-10 
  933       1.604541223398e-10 
  934       1.595806105487e-10 
  935       1.587309327739e-10 
  936       1.579050101811e-10 
  937       1.571027621537e-10 
  938       1.563241062877e-10 
  939       1.555689583850e-10 
  940       1.548372324484e-10 
  941       1.541288406751e-10 
  942       1.534436934516e-10 
  943       1.527816993470e-10 
  944       1.521427651083e-10 
  945       1.515267956536e-10 
  946       1.509336940669e-10 
  947       1.503633615919e-10 
  948       1.498156976268e-10 
  949       1.492905997176e-10 
  950       1.487879635533e-10 
  951       1.483076829591e-10 
  952       1.478496498914e-10 
  953       1.474137544316e-10 
  954       1.469998847804e-10 
  955       1.466079272520e-10 
  956       1.462377662681e-10 
  957       1.458892843525e-10 
  958       1.455623621248e-10 
  959       1.452568782952e-10 
  960       1.449727096581e-10 
  961       1.447097310865e-10 
  962       1.444678155265e-10 
  963       1.442468339911e-10 
  964       1.440466555545e-10 
  965       1.438671473463e-10 
  966       1.437081745460e-10 
  967       1.435696003766e-10 
  968       1.434512860993e-10 
  969       1.433530910074e-10 
  970       1.432748724208e-10 
  971       1.432164856799e-10 
  972       1.431777841399e-10 
  973       1.431585933007e-10 
  974       1.431586327829e-10 
  975       1.431775931692e-10 
  976       1.432151617532e-10 
  977       1.432710225306e-10 
  978       1.433448561901e-10 
  979       1.434363401040e-10 
  980       1.435451483196e-10 
  981       1.436709515496e-10 
  982       1.438134171637e-10 
  983       1.439722091787e-10 
  984       1.441469882500e-10 
  985       1.443374116625e-10 
  986       1.445431333212e-10 
  987       1.447638037424e-10 
  988       1.449990700445e-10 
  989       1.452485759388e-10 
  990       1.455119617208e-10 
  991       1.457888642607e-10 
  992       1.460789169947e-10 
  993       1.463817499156e-10 
  994       1.466969895638e-10 
  995       1.470242590184e-10 
  996       1.473631778879e-10 
  997       1.477133623013e-10 
  998       1.480744248989e-10 
  999       1.484459748231e-10 
 1000       1.488276177097e-10 
 1001       1.492189556785e-10 
 1002       1.496195873244e-10 
 1003       1.500291077081e-10 
 1004       1.504471083472e-10 
 1005       1.508731772072e-10 
 1006       1.513068986922e-10 
 1007       1.517478536359e-10 
 1008       1.521956192926e-10 
 1009       1.526497693280e-10 
 1010       1.531098738104e-10 
 1011       1.535754992011e-10 
 1012       1.540462291563e-10 
 1013       1.545217272777e-10 
 1014       1.550016752496e-10 
 1015       1.554857521037e-10 
 1016       1.559736342123e-10 
 1017       1.564649952822e-10 
 1018       1.569595063475e-10 
 1019       1.574568357633e-10 
 1020       1.579566491988e-10 
 1021       1.584586096311e-10 
 1022       1.589623773379e-10 
 1023       1.594676098914e-10 
 1024       1.599739621515e-10 
 1025       1.604810862591e-10 
 1026       1.609886316294e-10 
 1027       1.614962449453e-10 
 1028       1.620035701511e-10 
 1029       1.625102484453e-10 
 1030       1.630159182743e-10 
 1031       1.635202153255e-10 
 1032       1.640227725212e-10 
 1033       1.645232200112e-10 
 1034       1.650211851667e-10 
 1035       1.655162925735e-10 
 1036       1.660081640255e-10 
 1037       1.664964185177e-10 
 1038       1.669806722397e-10 
 1039       1.674605385695e-10 
 1040       1.679356280660e-10 
 1041       1.684055484634e-10 
 1042       1.688699046634e-10 
 1043       1.693282987296e-10 
 1044       1.697803298803e-10 
 1045       1.702255944819e-10 
 1046       1.706636860423e-10 
 1047       1.710941952043e-10 
 1048       1.715167097392e-10 
 1049       1.719308145395e-10 
 1050       1.723360916129e-10 
 1051       1.727321685583e-10 
 1052       1.731188647468e-10 
 1053       1.734960471594e-10 
 1054       1.738635820871e-10 
 1055       1.742213351297e-10 
 1056       1.745691711942e-10 
 1057       1.749069544934e-10 
 1058       1.752345485446e-10 
 1059       1.755518161682e-10 
 1060       1.758586194865e-10 
 1061       1.761548199218e-10 
 1062       1.764402781957e-10 
 1063       1.767148543271e-10 
 1064       1.769784076314e-10 
 1065       1.772307967185e-10 
 1066       1.774718794919e-10 
 1067       1.777015131473e-10 
 1068       1.779195541708e-10 
 1069       1.781258583380e-10 
 1070       1.783202807122e-10 
 1071       1.785026756435e-10 
 1072       1.786728967670e-10 
 1073       1.788307970016e-10 
 1074       1.789762285485e-10 
 1075       1.791090428901e-10 
 1076       1.792290907882e-10 
 1077       1.793362222831e-10 
 1078       1.794302866918e-10 
 1079       1.795111326069e-10 
 1080       1.795786078948e-10 
 1081       1.796325596951e-10 
 1082       1.796728344184e-10 
 1083       1.796992777453e-10 
 1084       1.797117346252e-10 
 1085       1.797100492744e-10 
 1086       1.796940651752e-10 
 1087       1.796636250744e-10 
 1088       1.796185709817e-10 
 1089       1.795587441685e-10 
 1090       1.794840289074e-10 
 1091       1.793944843358e-10 
 1092       1.792902143570e-10 
 1093       1.791713240628e-10 
 1094       1.790379197367e-10 
 1095       1.788901088568e-10 
 1096       1.787280000988e-10 
 1097       1.785517033391e-10 
 1098       1.783613296577e-10 
 1099       1.781569913414e-10 
 1100       1.779388018869e-10 
 1101       1.777068760035e-10 
 1102       1.774613296164e-10 
 1103       1.772022798697e-10 
 1104       1.769298451295e-10 
 1105       1.766441449865e-10 
 1106       1.763453002597e-10 
 1107       1.760334329991e-10 
 1108       1.757086664884e-10 
 1109       1.753711252486e-10 
 1110       1.750209350409e-10 
 1111       1.746582228695e-10 
 1112       1.742831169847e-10 
 1113       1.738957468861e-10 
 1114       1.734962433254e-10 
 1115       1.730847383099e-10 
 1116       1.726613651047e-10 
 1117       1.722262582366e-10 
 1118       1.717795534967e-10 
 1119       1.713213879434e-10 
 1120       1.708518999055e-10 
 1121       1.703712289853e-10 
 1122       1.698795160618e-10 
 1123       1.693769032932e-10 
 1124       1.688635341205e-10 
 1125       1.683395532702e-10 
 1126       1.678051067573e-10 
 1127       1.672603418886e-10 
 1128       1.667054072657e-10 
 1129       1.661404670322e-10 
 1130       1.655657438120e-10 
 1131       1.649814763331e-10 
 1132       1.643879052377e-10 
 1133       1.637852730869e-10 
 1134       1.631738243645e-10 
 1135       1.625538054820e-10 
 1136       1.619254647826e-10 
 1137       1.612890525457e-10 
 1138       1.606448209912e-10 
 1139       1.599930242840e-10 
 1140       1.593339185382e-10 
 1141       1.586677618215e-10 
 1142       1.579948141600e-10 
 1143       1.573153375417e-10 
 1144       1.566295959217e-10 
 1145       1.559378552262e-10 
 1146       1.552403833569e-10 
 1147       1.545374501954e-10 
 1148       1.538293276076e-10 
 1149       1.531162894479e-10 
 1150       1.523986115640e-10 
 1151       1.516765718008e-10 
 1152       1.509504500048e-10 
 1153       1.502205280291e-10 
 1154       1.494870897369e-10 
 1155       1.487504210064e-10 
 1156       1.480108097351e-10 
 1157       1.472685458442e-10 
 1158       1.465239212826e-10 
 1159       1.457772300319e-10 
 1160       1.450287681103e-10 
 1161       1.442788335772e-10 
 1162       1.435277265373e-10 
 1163       1.427757491453e-10 
 1164       1.420232056103e-10 
 1165       1.412704021996e-10 
 1166       1.405176472439e-10 
 1167       1.397652511410e-10 
 1168       1.390135077435e-10 
 1169       1.382626382572e-10 
 1170       1.375128466493e-10 
 1171       1.367643382045e-10 
 1172       1.360173195275e-10 
 1173       1.352719985463e-10 
 1174       1.345285845143e-10 
 1175       1.337872880135e-10 
 1176       1.330483209569e-10 
 1177       1.323118965916e-10 
 1178       1.315782295011e-10 
 1179       1.308475356083e-10 
 1180       1.301200321785e-10 
 1181       1.293959378214e-10 
 1182       1.286754724946e-10 
 1183       1.279588575058e-10 
 1184       1.272463155161e-10 
 1185       1.265380705418e-10 
 1186       1.258343479584e-10 
 1187       1.251353745021e-10 
 1188       1.244413782733e-10 
 1189       1.237525887393e-10 
 1190       1.230692367367e-10 
 1191       1.223915544742e-10 
 1192       1.217197755356e-10 
 1193       1.210541348825e-10 
 1194       1.203948688566e-10 
 1195       1.197422151830e-10 
 1196       1.190964129726e-10 
 1197       1.184577027249e-10 
 1198       1.178263263308e-10 
 1199       1.172025270753e-10 
 1200       1.165865496402e-10 
 1201       1.159786401069e-10 
 1202       1.153790459591e-10 
 1203       1.147880160856e-10 
 1204       1.142058007830e-10 
 1205       1.136326517581e-10 
 1206       1.130688221315e-10 
 1207       1.125145315616e-10 
 1208       1.119698611531e-10 
 1209       1.114348572815e-10 
 1210       1.109095663557e-10 
 1211       1.103940348174e-10 
 1212       1.098883091413e-10 
 1213       1.093924358349e-10 
 1214       1.089064614384e-10 
 1215       1.084304325243e-10 
 1216       1.079643956977e-10 
 1217       1.075083975957e-10 
 1218       1.070624848876e-10 
 1219       1.066267042747e-10 
 1220       1.062011024901e-10 
 1221       1.057857262986e-10 
 1222       1.053806224965e-10 
 1223       1.049858379116e-10 
 1224       1.046014194031e-10 
 1225       1.042274138610e-10 
 1226       1.038638682067e-10 
 1227       1.035108293924e-10 
 1228       1.031683444008e-10 
 1229       1.028364602457e-10 
 1230       1.025152239709e-10 
 1231       1.022046826510e-10 
 1232       1.019048833904e-10 
 1233       1.016158733238e-10 
 1234       1.013376996160e-10 
 1235       1.010704094613e-10 
 1236       1.008140500840e-10 
 1237       1.005686687377e-10 
 1238       1.003343127056e-10 
 1239       1.001110293000e-10 
 1240       9.989886586259e-11 
 1241       9.969786976388e-11 
 1242       9.950808840336e-11 
 1243       9.932956920923e-11 
 1244       9.916235963833e-11 
 1245       9.900650717596e-11 
 1246       9.886203178646e-11 
 1247       9.872884291134e-11 
 1248       9.860682149702e-11 
 1249       9.849584745363e-11 
 1250       9.839579965272e-11 
 1251       9.830655592496e-11 
 1252       9.822799305795e-11 
 1253       9.815998679391e-11 
 1254       9.810241182741e-11 
 1255       9.805514180316e-11 
 1256       9.801804931369e-11 
 1257       9.799100589714e-11 
 1258       9.797388203494e-11 
 1259       9.796654714962e-11 
 1260       9.796886960248e-11 
 1261       9.798071669137e-11 
 1262       9.800195464843e-11 
 1263       9.803244863780e-11 
 1264       9.807206275337e-11 
 1265       9.812066001654e-11 
 1266       9.817810237393e-11 
 1267       9.824425069512e-11 
 1268       9.831896477042e-11 
 1269       9.840210330858e-11 
 1270       9.849352393452e-11 
 1271       9.859308318709e-11 
 1272       9.870063651681e-11 
 1273       9.881603828360e-11 
 1274       9.893914175451e-11 
 1275       9.906979910146e-11 
 1276       9.920786139901e-11 
 1277       9.935317862204e-11 
 1278       9.950559964357e-11 
 1279       9.966497223239e-11 
 1280       9.983114305091e-11 
 1281       1.000039576528e-10 
 1282       1.001832604809e-10 
 1283       1.003688948646e-10 
 1284       1.005607030180e-10 
 1285       1.007585213288e-10 
 1286       1.009621661712e-10 
 1287       1.011714479273e-10 
 1288       1.013861756780e-10 
 1289       1.016061572011e-10 
 1290       1.018311989679e-10 
 1291       1.020611061412e-10 
 1292       1.022956825726e-10 
 1293       1.025347307996e-10 
 1294       1.027780520432e-10 
 1295       1.030254462055e-10 
 1296       1.032767118666e-10 
 1297       1.035316462825e-10 
 1298       1.037900453821e-10 
 1299       1.040517037649e-10 
 1300       1.043164146982e-10 
 1301       1.045839701146e-10 
 1302       1.048541606093e-10 
 1303       1.051267754377e-10 
 1304       1.054016025124e-10 
 1305       1.056784284011e-10 
 1306       1.059570383237e-10 
 1307       1.062372161496e-10 
 1308       1.065187443954e-10 
 1309       1.068014042220e-10 
 1310       1.070849754323e-10 
 1311       1.073692364682e-10 
 1312       1.076539644085e-10 
 1313       1.079389349657e-10 
 1314       1.082239224841e-10 
 1315       1.085086999365e-10 
 1316       1.087930389220e-10 
 1317       1.090767096634e-10 
 1318       1.093594810044e-10 
 1319       1.096411204071e-10 
 1320       1.099213939495e-10 
 1321       1.102000663227e-10 
 1322       1.104769008284e-10 
 1323       1.107516593764e-10 
 1324       1.110241201294e-10 
 1325       1.112941306577e-10 
 1326       1.115615553663e-10 
 1327       1.118262578993e-10 
 1328       1.120881011387e-10 
 1329       1.123469472025e-10 
 1330       1.126026574437e-10 
 1331       1.128550924487e-10 
 1332       1.131041120360e-10 
 1333       1.133495752550e-10 
 1334       1.135913403840e-10 
 1335       1.138292649295e-10 
 1336       1.140632056244e-10 
 1337       1.142930184266e-10 
 1338       1.145185585178e-10 
 1339       1.147396803021e-10 
 1340       1.149562374044e-10 
 1341       1.151680826690e-10 
 1342       1.153750681585e-10 
 1343       1.155770451522e-10 
 1344       1.157738641447e-10 
 1345       1.159653748444e-10 
 1346       1.161514261724e-10 
 1347       1.163318662609e-10 
 1348       1.165065424518e-10 
 1349       1.166753012953e-10 
 1350       1.168379885488e-10 
 1351       1.169944491748e-10 
 1352       1.171445273405e-10 
 1353       1.172880664153e-10 
 1354       1.174249089704e-10 
 1355       1.175548967767e-10 
 1356       1.176778708039e-10 
 1357       1.177936712186e-10 
 1358       1.179021373834e-10 
 1359       1.180031078551e-10 
 1360       1.180964203837e-10 
 1361       1.181819119105e-10 
 1362       1.182594185673e-10 
 1363       1.183288018365e-10 
 1364       1.183900273426e-10 
 1365       1.184430869034e-10 
 1366       1.184879724452e-10 
 1367       1.185246760027e-10 
 1368       1.185531897194e-10 
 1369       1.185735058481e-10 
 1370       1.185856167512e-10 
 1371       1.185895149007e-10 
 1372       1.185851928785e-10 
 1373       1.185726433773e-10 
 1374       1.185518591999e-10 
 1375       1.185228332604e-10 
 1376       1.184855585841e-10 
 1377       1.184400283076e-10 
 1378       1.183862356795e-10 
 1379       1.183241740604e-10 
 1380       1.182538369233e-10 
 1381       1.181752178540e-10 
 1382       1.180883105511e-10 
 1383       1.179931088266e-10 
 1384       1.178896066061e-10 
 1385       1.177777979288e-10 
 1386       1.176576769483e-10 
 1387       1.175292379326e-10 
 1388       1.173924752643e-10 
 1389       1.172473834412e-10 
 1390       1.170939570763e-10 
 1391       1.169321908982e-10 
 1392       1.167620797514e-10 
 1393       1.165836185967e-10 
 1394       1.163968025113e-10 
 1395       1.162016266891e-10 
 1396       1.159980864412e-10 
 1397       1.157861771960e-10 
 1398       1.155658944997e-10 
 1399       1.153372340162e-10 
 1400       1.151001915277e-10 
 1401       1.148547629350e-10 
 1402       1.146009625058e-10 
 1403       1.143388778263e-10 
 1404       1.140686154237e-10 
 1405       1.137902825708e-10 
 1406       1.135039872880e-10 
 1407       1.132098383447e-10 
 1408       1.129079452602e-10 
 1409       1.125984183055e-10 
 1410       1.122813685048e-10 
 1411       1.119569076366e-10 
 1412       1.116251482353e-10 
 1413       1.112862035926e-10 
 1414       1.109401877588e-10 
 1415       1.105872155441e-10 
 1416       1.102274025206e-10 
 1417       1.098608650227e-10 
 1418       1.094877201497e-10 
 1419       1.091080857661e-10 
 1420       1.087220805037e-10 
 1421       1.083298237627e-10 
 1422       1.079314357134e-10 
 1423       1.075270372973e-10 
 1424       1.071167502284e-10 
 1425       1.067006969952e-10 
 1426       1.062790008614e-10 
 1427       1.058517858679e-10 
 1428       1.054191768337e-10 
 1429       1.049812993577e-10 
 1430       1.045382798199e-10 
 1431       1.040902453827e-10 
 1432       1.036373239929e-10 
 1433       1.031796443821e-10 
 1434       1.027173360690e-10 
 1435       1.022505293605e-10 
 1436       1.017793553530e-10 
 1437       1.013039459337e-10 
 1438       1.008244337826e-10 
 1439       1.003409523731e-10 
 1440       9.985363597412e-11 
 1441       9.936262050999e-11 
 1442       9.886804614893e-11 
 1443       9.837005474388e-11 
 1444       9.786878897725e-11 
 1445       9.736439236246e-11 
 1446       9.685700924531e-11 
 1447       9.634678480551e-11 
 1448       9.583386505807e-11 
 1449       9.531839685480e-11 
 1450       9.480052788575e-11 
 1451       9.428040668068e-11 
 1452       9.375818261048e-11 
 1453       9.323400588866e-11 
 1454       9.270802757277e-11 
 1455       9.218039956591e-11 
 1456       9.165127461814e-11 
 1457       9.112080632792e-11 
 1458       9.058914914364e-11 
 1459       9.005645836499e-11 
 1460       8.952289014447e-11 
 1461       8.898860148883e-11 
 1462       8.845375026050e-11 
 1463       8.791849517910e-11 
 1464       8.738299582284e-11 
 1465       8.684741263002e-11 
 1466       8.631190690043e-11 
 1467       8.577664079688e-11 
 1468       8.524177734659e-11 
 1469       8.470748044267e-11 
 1470       8.417391484558e-11 
 1471       8.364124618458e-11 
 1472       8.310964095918e-11 
 1473       8.257926654061e-11 
 1474       8.205029117325e-11 
 1475       8.152288397611e-11 
 1476       8.099721494428e-11 
 1477       8.047345495036e-11 
 1478       7.995177574597e-11 
 1479       7.943234996315e-11 
 1480       7.891533707705e-11 
 1481       7.840084113936e-11 
 1482       7.788895263006e-11 
 1483       7.737976245900e-11 
 1484       7.687336196662e-11 
 1485       7.636984292459e-11 
 1486       7.586929753651e-11 
 1487       7.537181843861e-11 
 1488       7.487749870041e-11 
 1489       7.438643182546e-11 
 1490       7.389871175195e-11 
 1491       7.341443285347e-11 
 1492       7.293368993963e-11 
 1493       7.245657825681e-11 
 1494       7.198319348880e-11 
 1495       7.151363175751e-11 
 1496       7.104798962365e-11 
 1497       7.058636408741e-11 
 1498       7.012885258917e-11 
 1499       6.967555301014e-11 
 1500       6.922656367311e-11 
 1501       6.878198334307e-11 
 1502       6.834191122797e-11 
 1503       6.790644697932e-11 
 1504       6.747569069295e-11 
 1505       6.704974290968e-11 
 1506       6.662870461596e-11 
 1507       6.621267724462e-11 
 1508       6.580176267552e-11 
 1509       6.539606323625e-11 
 1510       6.499568170280e-11 
 1511       6.460072130028e-11 
 1512       6.421128570357e-11 
 1513       6.382747903802e-11 
 1514       6.344940588015e-11 
 1515       6.307717125831e-11 
 1516       6.271088065340e-11 
 1517       6.235063999952e-11 
 1518       6.199655568468e-11 
 1519       6.164871605362e-11 
 1520       6.130713571998e-11 
 1521       6.097181071925e-11 
 1522       6.064273695767e-11 
 1523       6.031991021203e-11 
 1524       6.000332612930e-11 
 1525       5.969298022644e-11 
 1526       5.938886789006e-11 
 1527       5.909098437619e-11 
 1528       5.879932480997e-11 
 1529       5.851388418543e-11 
 1530       5.823465736513e-11 
 1531       5.796163907998e-11 
 1532       5.769482392888e-11 
 1533       5.743420637851e-11 
 1534       5.717978076303e-11 
 1535       5.693154128378e-11 
 1536       5.668948200905e-11 
 1537       5.645359687379e-11 
 1538       5.622387967931e-11 
 1539       5.600032409305e-11 
 1540       5.578292364825e-11 
 1541       5.557167174374e-11 
 1542       5.536656164360e-11 
 1543       5.516758647694e-11 
 1544       5.497473923758e-11 
 1545       5.478801278382e-11 
 1546       5.460739983812e-11 
 1547       5.443289298686e-11 
 1548       5.426448468006e-11 
 1549       5.410216723107e-11 
 1550       5.394593281634e-11 
 1551       5.379577347514e-11 
 1552       5.365168110924e-11 
 1553       5.351364748270e-11 
 1554       5.338166422155e-11 
 1555       5.325572281352e-11 
 1556       5.313581460780e-11 
 1557       5.302193081470e-11 
 1558       5.291405102204e-11 
 1559       5.281210862666e-11 
 1560       5.271602507777e-11 
 1561       5.262572133005e-11 
 1562       5.254111784283e-11 
 1563       5.246213457921e-11 
 1564       5.238869100524e-11 
 1565       5.232070608911e-11 
 1566       5.225809830024e-11 
 1567       5.220078560848e-11 
 1568       5.214868548328e-11 
 1569       5.210171489281e-11 
 1570       5.205979030313e-11 
 1571       5.202282767739e-11 
 1572       5.199074247491e-11 
 1573       5.196344965041e-11 
 1574       5.194086365313e-11 
 1575       5.192289842599e-11 
 1576       5.190946740476e-11 
 1577       5.190048351721e-11 
 1578       5.189585918227e-11 
 1579       5.189550630918e-11 
 1580       5.189933629667e-11 
 1581       5.190726003210e-11 
 1582       5.191918789061e-11 
 1583       5.193502973430e-11 
 1584       5.195469491137e-11 
 1585       5.197809225528e-11 
 1586       5.200513008394e-11 
 1587       5.203571619881e-11 
 1588       5.206975788409e-11 
 1589       5.210716190589e-11 
 1590       5.214783451138e-11 
 1591       5.219168142792e-11 
 1592       5.223860786225e-11 
 1593       5.228851849964e-11 
 1594       5.234131750304e-11 
 1595       5.239690851225e-11 
 1596       5.245519464307e-11 
 1597       5.251607923988e-11 
 1598       5.257946814264e-11 
 1599       5.264526743900e-11 
 1600       5.271338271192e-11 
 1601       5.278371903890e-11 
 1602       5.285618099112e-11 
 1603       5.293067263272e-11 
 1604       5.300709751988e-11 
 1605       5.308535870013e-11 
 1606       5.316535871144e-11 
 1607       5.324699958150e-11 
 1608       5.333018282684e-11 
 1609       5.341480945209e-11 
 1610       5.350077994911e-11 
 1611       5.358799429622e-11 
 1612       5.367635195742e-11 
 1613       5.376575188150e-11 
 1614       5.385609250131e-11 
 1615       5.394727173293e-11 
 1616       5.403918697486e-11 
 1617       5.413173510719e-11 
 1618       5.422481249085e-11 
 1619       5.431831496674e-11 
 1620       5.441213785498e-11 
 1621       5.450617595405e-11 
 1622       5.460032354003e-11 
 1623       5.469447436577e-11 
 1624       5.478852166007e-11 
 1625       5.488235812692e-11 
 1626       5.497587594463e-11 
 1627       5.506896676507e-11 
 1628       5.516152171286e-11 
 1629       5.525343138453e-11 
 1630       5.534458584777e-11 
 1631       5.543487464055e-11 
 1632       5.552418677038e-11 
 1633       5.561241071346e-11 
 1634       5.569943441390e-11 
 1635       5.578514528289e-11 
 1636       5.586944051608e-11 
 1637       5.595225814803e-11 
 1638       5.603354627387e-11 
 1639       5.611325275596e-11 
 1640       5.619132522356e-11 
 1641       5.626771107249e-11 
 1642       5.634235746478e-11 
 1643       5.641521132832e-11 
 1644       5.648621935655e-11 
 1645       5.655532800807e-11 
 1646       5.662248350630e-11 
 1647       5.668763183919e-11 
 1648       5.675071875880e-11 
 1649       5.681168978102e-11 
 1650       5.687049018516e-11 
 1651       5.692706501369e-11 
 1652       5.698135907181e-11 
 1653       5.703331692716e-11 
 1654       5.708288290947e-11 
 1655       5.713000111019e-11 
 1656       5.717461538216e-11 
 1657       5.721666933927e-11 
 1658       5.725610635613e-11 
 1659       5.729286956767e-11 
 1660       5.732690186888e-11 
 1661       5.735814591438e-11 
 1662       5.738654411813e-11 
 1663       5.741203865307e-11 
 1664       5.743457145079e-11 
 1665       5.745408420114e-11 
 1666       5.747051835194e-11 
 1667       5.748381510862e-11 
 1668       5.749391543384e-11 
 1669       5.750076004720e-11 
 1670       5.750428942486e-11 
 1671       5.750444379920e-11 
 1672       5.750116315849e-11 
 1673       5.749438724653e-11 
 1674       5.748405556232e-11 
 1675       5.747011953125e-11 
 1676       5.745257913568e-11 
 1677       5.743144660365e-11 
 1678       5.740673426653e-11 
 1679       5.737845455922e-11 
 1680       5.734662002030e-11 
 1681       5.731124329221e-11 
 1682       5.727233712146e-11 
 1683       5.722991435875e-11 
 1684       5.718398795920e-11 
 1685       5.713457098247e-11 
 1686       5.708167659300e-11 
 1687       5.702531806013e-11 
 1688       5.696550875831e-11 
 1689       5.690226216726e-11 
 1690       5.683559187216e-11 
 1691       5.676551156379e-11 
 1692       5.669203503877e-11 
 1693       5.661517619966e-11 
 1694       5.653494905520e-11 
 1695       5.645136772045e-11 
 1696       5.636444641698e-11 
 1697       5.627419947304e-11 
 1698       5.618064132373e-11 
 1699       5.608378651120e-11 
 1700       5.598364968479e-11 
 1701       5.588024560124e-11 
 1702       5.577358912485e-11 
 1703       5.566369522764e-11 
 1704       5.555057898957e-11 
 1705       5.543425559867e-11 
 1706       5.531474035123e-11 
 1707       5.519204865201e-11 
 1708       5.506619601434e-11 
 1709       5.493719806040e-11 
 1710       5.480507052128e-11 
 1711       5.466982923725e-11 
 1712       5.453149015790e-11 
 1713       5.439006934230e-11 
 1714       5.424558960480e-11 
 1715       5.409810051398e-11 
 1716       5.394765856480e-11 
 1717       5.379432054886e-11 
 1718       5.363814355493e-11 
 1719       5.347918496933e-11 
 1720       5.331750247645e-11 
 1721       5.315315405912e-11 
 1722       5.298619799910e-11 
 1723       5.281669287754e-11 
 1724       5.264469757537e-11 
 1725       5.247027127383e-11 
 1726       5.229347345483e-11 
 1727       5.211436390147e-11 
 1728       5.193300269844e-11 
 1729       5.174945023249e-11 
 1730       5.156376719286e-11 
 1731       5.137601457174e-11 
 1732       5.118625366474e-11 
 1733       5.099454607127e-11 
 1734       5.080095369507e-11 
 1735       5.060553874458e-11 
 1736       5.040836373346e-11 
 1737       5.020949148096e-11 
 1738       5.000898511245e-11 
 1739       4.980690805979e-11 
 1740       4.960332406184e-11 
 1741       4.939829716485e-11 
 1742       4.919189172298e-11 
 1743       4.898417239865e-11 
 1744       4.877520416308e-11 
 1745       4.856505229669e-11 
 1746       4.835378238955e-11 
 1747       4.814146034184e-11 
 1748       4.792815236428e-11 
 1749       4.771392497858e-11 
 1750       4.749884501793e-11 
 1751       4.728297962738e-11 
 1752       4.706639626432e-11 
 1753       4.684916105110e-11 
 1754       4.663133381692e-11 
 1755       4.641297301545e-11 
 1756       4.619413736926e-11 
 1757       4.597488587022e-11 
 1758       4.575527777990e-11 
 1759       4.553537262992e-11 
 1760       4.531523022236e-11 
 1761       4.509491063011e-11 
 1762       4.487447419730e-11 
 1763       4.465398153965e-11 
 1764       4.443349354484e-11 
 1765       4.421307137294e-11 
 1766       4.399277645675e-11 
 1767       4.377267050221e-11 
 1768       4.355281548876e-11 
 1769       4.333327366973e-11 
 1770       4.311410757275e-11 
 1771       4.289538000010e-11 
 1772       4.267715402908e-11 
 1773       4.245949301245e-11 
 1774       4.224246057876e-11 
 1775       4.202612063276e-11 
 1776       4.181053735577e-11 
 1777       4.159577520606e-11 
 1778       4.138189891925e-11 
 1779       4.116897350868e-11 
 1780       4.095706426581e-11 
 1781       4.074623676056e-11 
 1782       4.053655684175e-11 
 1783       4.032809063744e-11 
 1784       4.012090455532e-11 
 1785       3.991506528313e-11 
 1786       3.971063978898e-11 
 1787       3.950769532178e-11 
 1788       3.930629941161e-11 
 1789       3.910651987011e-11 
 1790       3.890842479084e-11 
 1791       3.871208254968e-11 
 1792       3.851755443632e-11 
 1793       3.832487248213e-11 
 1794       3.813406145200e-11 
 1795       3.794514619690e-11 
 1796       3.775815165397e-11 
 1797       3.757310284667e-11 
 1798       3.739002488488e-11 
 1799       3.720894296495e-11 
 1800       3.702988236988e-11 
 1801       3.685286846940e-11 
 1802       3.667792672007e-11 
 1803       3.650508266540e-11 
 1804       3.633436193592e-11 
 1805       3.616579024938e-11 
 1806       3.599939341073e-11 
 1807       3.583519731235e-11 
 1808       3.567322793407e-11 
 1809       3.551351134331e-11 
 1810       3.535607369522e-11 
 1811       3.520094123271e-11 
 1812       3.504814028664e-11 
 1813       3.489769727587e-11 
 1814       3.474963870739e-11 
 1815       3.460399117644e-11 
 1816       3.446078136659e-11 
 1817       3.432003604986e-11 
 1818       3.418178208684e-11 
 1819       3.404604642679e-11 
 1820       3.391285610772e-11 
 1821       3.378223825655e-11 
 1822       3.365422008917e-11 
 1823       3.352882891057e-11 
 1824       3.340609211497e-11 
 1825       3.328603718586e-11 
 1826       3.316869169619e-11 
 1827       3.305408330841e-11 
 1828       3.294223977463e-11 
 1829       3.283318893667e-11 
 1830       3.272695872624e-11 
 1831       3.262356949753e-11 
 1832       3.252301095803e-11 
 1833       3.242526505355e-11 
 1834       3.233031361881e-11 
 1835       3.223813837726e-11 
 1836       3.214872094091e-11 
 1837       3.206204281017e-11 
 1838       3.197808537365e-11 
 1839       3.189682990804e-11 
 1840       3.181825757795e-11 
 1841       3.174234943567e-11 
 1842       3.166908642107e-11 
 1843       3.159844936144e-11 
 1844       3.153041897126e-11 
 1845       3.146497585210e-11 
 1846       3.140210049239e-11 
 1847       3.134177326733e-11 
 1848       3.128397443866e-11 
 1849       3.122868415451e-11 
 1850       3.117588244924e-11 
 1851       3.112554924328e-11 
 1852       3.107766434296e-11 
 1853       3.103220744032e-11 
 1854       3.098915811297e-11 
 1855       3.094849582391e-11 
 1856       3.091019992139e-11 
 1857       3.087424963870e-11 
 1858       3.084062409402e-11 
 1859       3.080930229028e-11 
 1860       3.078026311496e-11 
 1861       3.075348533993e-11 
 1862       3.072894762130e-11 
 1863       3.070662849924e-11 
 1864       3.068650639780e-11 
 1865       3.066855962479e-11 
 1866       3.065276637155e-11 
 1867       3.063910471283e-11 
 1868       3.062755260661e-11 
 1869       3.061808789393e-11 
 1870       3.061068490433e-11 
 1871       3.060530424342e-11 
 1872       3.060190292507e-11 
 1873       3.060043775826e-11 
 1874       3.060086534677e-11 
 1875       3.060314208893e-11 
 1876       3.060722417732e-11 
 1877       3.061306759850e-11 
 1878       3.062062813271e-11 
 1879       3.062986135360e-11 
 1880       3.064072262793e-11 
 1881       3.065316711532e-11 
 1882       3.066714976793e-11 
 1883       3.068262533020e-11 
 1884       3.069954833857e-11 
 1885       3.071787312116e-11 
 1886       3.073755379754e-11 
 1887       3.075854427841e-11 
 1888       3.078079826532e-11 
 1889       3.080426925043e-11 
 1890       3.082891051614e-11 
 1891       3.085467513490e-11 
 1892       3.088151596887e-11 
 1893       3.090938566965e-11 
 1894       3.093823667800e-11 
 1895       3.096802122358e-11 
 1896       3.099869132460e-11 
 1897       3.103019878762e-11 
 1898       3.106249520721e-11 
 1899       3.109553196568e-11 
 1900       3.112926023282e-11 
 1901       3.116363096557e-11 
 1902       3.119859490780e-11 
 1903       3.123410258997e-11 
 1904       3.127010432886e-11 
 1905       3.130655022733e-11 
 1906       3.134339017397e-11 
 1907       3.138057384287e-11 
 1908       3.141805069331e-11 
 1909       3.145577207315e-11 
 1910       3.149369754720e-11 
 1911       3.153178861682e-11 
 1912       3.157000662040e-11 
 1913       3.160831273320e-11 
 1914       3.164666796710e-11 
 1915       3.168503317038e-11 
 1916       3.172336902754e-11 
 1917       3.176163605906e-11 
 1918       3.179979462119e-11 
 1919       3.183780490576e-11 
 1920       3.187562693992e-11 
 1921       3.191322058596e-11 
 1922       3.195054554110e-11 
 1923       3.198756133725e-11 
 1924       3.202422734082e-11 
 1925       3.206050275250e-11 
 1926       3.209634660703e-11 
 1927       3.213171777301e-11 
 1928       3.216657495267e-11 
 1929       3.220087668167e-11 
 1930       3.223458132887e-11 
 1931       3.226764709612e-11 
 1932       3.230003201806e-11 
 1933       3.233169396191e-11 
 1934       3.236259062720e-11 
 1935       3.239267954564e-11 
 1936       3.242191808085e-11 
 1937       3.245026342816e-11 
 1938       3.247767261440e-11 
 1939       3.250410249768e-11 
 1940       3.252950976718e-11 
 1941       3.255385094295e-11 
 1942       3.257708237566e-11 
 1943       3.259916024642e-11 
 1944       3.262004056656e-11 
 1945       3.263967917739e-11 
 1946       3.265803175004e-11 
 1947       3.267505378519e-11 
 1948       3.269070601627e-11 
 1949       3.270497066383e-11 
 1950       3.271783530286e-11 
 1951       3.272928747046e-11 
 1952       3.273931466576e-11 
 1953       3.274790434994e-11 
 1954       3.275504394613e-11 
 1955       3.276072083940e-11 
 1956       3.276492237669e-11 
 1957       3.276763586680e-11 
 1958       3.276884858030e-11 
 1959       3.276854774956e-11 
 1960       3.276672056861e-11 
 1961       3.276335419321e-11 
 1962       3.275843574069e-11 
 1963       3.275195229000e-11 
 1964       3.274389088161e-11 
 1965       3.273423851751e-11 
 1966       3.272298216112e-11 
 1967       3.271010873729e-11 
 1968       3.269560513224e-11 
 1969       3.267945819349e-11 
 1970       3.266165472987e-11 
 1971       3.264218151145e-11 
 1972       3.262102526947e-11 
 1973       3.259817269634e-11 
 1974       3.257361044560e-11 
 1975       3.254732513182e-11 
 1976       3.251930333061e-11 
 1977       3.248953157859e-11 
 1978       3.245799637326e-11 
 1979       3.242468417307e-11 
 1980       3.238958139729e-11 
 1981       3.235267442601e-11 
 1982       3.231394960009e-11 
 1983       3.227339322111e-11 
 1984       3.223099155132e-11 
 1985       3.218673081363e-11 
 1986       3.214059719152e-11 
 1987       3.209258183482e-11 
 1988       3.204269591736e-11 
 1989       3.199095569014e-11 
 1990       3.193737748570e-11 
 1991       3.188197771828e-11 
 1992       3.182477288388e-11 
 1993       3.176577956039e-11 
 1994       3.170501440769e-11 
 1995       3.164249416778e-11 
 1996       3.157823566485e-11 
 1997       3.151225580545e-11 
 1998       3.144457157852e-11 
 1999       3.137520005558e-11 
 2000       3.130415839078e-11 
 2001       3.123146382102e-11 
 2002       3.115713366608e-11 
 2003       3.108118532874e-11 
 2004       3.100363629482e-11 
 2005       3.092450413337e-11 
 2006       3.084380649674e-11 
 2007       3.076156112068e-11 
 2008       3.067778582447e-11 
 2009       3.059249851103e-11 
 2010       3.050571716700e-11 
 2011       3.041745986290e-11 
 2012       3.032774475318e-11 
 2013       3.023659007638e-11 
 2014       3.014401415520e-11 
 2015       3.005003539662e-11 
 2016       2.995467229205e-11 
 2017       2.985794341737e-11 
 2018       2.975986743309e-11 
 2019       2.966046308443e-11 
 2020       2.955974920145e-11 
 2021       2.945774469914e-11 
 2022       2.935446857757e-11 
 2023       2.924993992192e-11 
 2024       2.914417790268e-11 
 2025       2.903720177569e-11 
 2026       2.892903271703e-11 
 2027       2.881969934177e-11 
 2028       2.870923222531e-11 
 2029       2.859766207240e-11 
 2030       2.848501971731e-11 
 2031       2.837133612400e-11 
 2032       2.825664238624e-11 
 2033       2.814096972785e-11 
 2034       2.802434950280e-11 
 2035       2.790681319539e-11 
 2036       2.778839242040e-11 
 2037       2.766911892331e-11 
 2038       2.754902458038e-11 
 2039       2.742814139886e-11 
 2040       2.730650151716e-11 
 2041       2.718413720499e-11 
 2042       2.706108086354e-11 
 2043       2.693736502560e-11 
 2044       2.681302235579e-11 
 2045       2.668808565068e-11 
 2046       2.656258783896e-11 
 2047       2.643656198159e-11 
 2048       2.631004127201e-11 
 2049       2.618305903622e-11 
 2050       2.605564873305e-11 
 2051       2.592784395421e-11 
 2052       2.579967842454e-11 
 2053       2.567118600213e-11 
 2054       2.554240067850e-11 
 2055       2.541335657874e-11 
 2056       2.528408796169e-11 
 2057       2.515462922011e-11 
 2058       2.502501488084e-11 
 2059       2.489527960493e-11 
 2060       2.476545818785e-11 
 2061       2.463558555963e-11 
 2062       2.450569678500e-11 
 2063       2.437582706360e-11 
 2064       2.424601173012e-11 
 2065       2.411628448788e-11 
 2066       2.398667209568e-11 
 2067       2.385719964362e-11 
 2068       2.372789231636e-11 
 2069       2.359877539325e-11 
 2070       2.346987424844e-11 
 2071       2.334121435096e-11 
 2072       2.321282126489e-11 
 2073       2.308472064942e-11 
 2074       2.295693825900e-11 
 2075       2.282949994342e-11 
 2076       2.270243164796e-11 
 2077       2.257575941347e-11 
 2078       2.244950937650e-11 
 2079       2.232370776941e-11 
 2080       2.219838092049e-11 
 2081       2.207355525405e-11 
 2082       2.194925729056e-11 
 2083       2.182551364675e-11 
 2084       2.170235103572e-11 
 2085       2.157979626707e-11 
 2086       2.145787624698e-11 
 2087       2.133661797836e-11 
 2088       2.121604856093e-11 
 2089       2.109619519137e-11 
 2090       2.097708516341e-11 
 2091       2.085874586791e-11 
 2092       2.074120479306e-11 
 2093       2.062448952441e-11 
 2094       2.050862774501e-11 
 2095       2.039364723554e-11 
 2096       2.027957587442e-11 
 2097       2.016644163789e-11 
 2098       2.005427260015e-11 
 2099       1.994309693348e-11 
 2100       1.983294290834e-11 
 2101       1.972383889348e-11 
 2102       1.961581335606e-11 
 2103       1.950889486175e-11 
 2104       1.940310838877e-11 
 2105       1.929846424164e-11 
 2106       1.919496906053e-11 
 2107       1.909262950032e-11 
 2108       1.899145223065e-11 
 2109       1.889144393594e-11 
 2110       1.879261131538e-11 
 2111       1.869496108295e-11 
 2112       1.859849996743e-11 
 2113       1.850323471243e-11 
 2114       1.840917207637e-11 
 2115       1.831631883255e-11 
 2116       1.822468176909e-11 
 2117       1.813426768899e-11 
 2118       1.804508341015e-11 
 2119       1.795713576535e-11 
 2120       1.787043160228e-11 
 2121       1.778497778356e-11 
 2122       1.770078118674e-11 
 2123       1.761784870431e-11 
 2124       1.753618724375e-11 
 2125       1.745580372748e-11 
 2126       1.737670509294e-11 
 2127       1.729889829254e-11 
 2128       1.722239029373e-11 
 2129       1.714718807896e-11 
 2130       1.707329864575e-11 
 2131       1.700072900666e-11 
 2132       1.692948618932e-11 
 2133       1.685957723642e-11 
 2134       1.679100920576e-11 
 2135       1.672378917026e-11 
 2136       1.665792421793e-11 
 2137       1.659342145192e-11 
 2138       1.653028799054e-11 
 2139       1.646853096725e-11 
 2140       1.640815753066e-11 
 2141       1.634917484460e-11 
 2142       1.629159008806e-11 
 2143       1.623540729096e-11 
 2144       1.618061781751e-11 
 2145       1.612720981781e-11 
 2146       1.607517138627e-11 
 2147       1.602449056143e-11 
 2148       1.597515532600e-11 
 2149       1.592715360670e-11 
 2150       1.588047327424e-11 
 2151       1.583510214327e-11 
 2152       1.579102797223e-11 
 2153       1.574823846337e-11 
 2154       1.570672126262e-11 
 2155       1.566646395956e-11 
 2156       1.562745408731e-11 
 2157       1.558967912250e-11 
 2158       1.555312648519e-11 
 2159       1.551778353876e-11 
 2160       1.548363758991e-11 
 2161       1.545067588854e-11 
 2162       1.541888562769e-11 
 2163       1.538825394348e-11 
 2164       1.535876791504e-11 
 2165       1.533041456443e-11 
 2166       1.530318085658e-11 
 2167       1.527705369922e-11 
 2168       1.525201994280e-11 
 2169       1.522806638044e-11 
 2170       1.520517974783e-11 
 2171       1.518334672319e-11 
 2172       1.516255392719e-11 
 2173       1.514278792289e-11 
 2174       1.512403521564e-11 
 2175       1.510628225303e-11 
 2176       1.508951542485e-11 
 2177       1.507372106297e-11 
 2178       1.505888544128e-11 
 2179       1.504499477565e-11 
 2180       1.503203522386e-11 
 2181       1.501999288547e-11 
 2182       1.500885281750e-11 
 2183       1.499859607411e-11 
 2184       1.498920264690e-11 
 2185       1.498065244730e-11 
 2186       1.497292530653e-11 
 2187       1.496600097547e-11 
 2188       1.495985912457e-11 
 2189       1.495447934376e-11 
 2190       1.494984114236e-11 
 2191       1.494592394898e-11 
 2192       1.494270711141e-11 
 2193       1.494016989657e-11 
 2194       1.493829149037e-11 
 2195       1.493705099765e-11 
 2196       1.493642744203e-11 
 2197       1.493639976591e-11 
 2198       1.493694683028e-11 
 2199       1.493804741467e-11 
 2200       1.493968021708e-11 
 2201       1.494182385382e-11 
 2202       1.494445685947e-11 
 2203       1.494755768678e-11 
 2204       1.495110470656e-11 
 2205       1.495507620756e-11 
 2206       1.495945039645e-11 
 2207       1.496420539764e-11 
 2208       1.496931925327e-11 
 2209       1.497476992303e-11 
 2210       1.498053528414e-11 
 2211       1.498659313121e-11 
 2212       1.499292117615e-11 
 2213       1.499949704811e-11 
 2214       1.500629829334e-11 
 2215       1.501330237513e-11 
 2216       1.502048667369e-11 
 2217       1.502782848607e-11 
 2218       1.503530502607e-11 
 2219       1.504289342413e-11 
 2220       1.505057072726e-11 
 2221       1.505831521068e-11 
 2222       1.506611032245e-11 
 2223       1.507394076469e-11 
 2224       1.508179118406e-11 
 2225       1.508964617176e-11 
 2226       1.509749026341e-11 
 2227       1.510530793903e-11 
 2228       1.511308362296e-11 
 2229       1.512080168380e-11 
 2230       1.512844643433e-11 
 2231       1.513600213150e-11 
 2232       1.514345297628e-11 
 2233       1.515078311371e-11 
 2234       1.515797663272e-11 
 2235       1.516501756616e-11 
 2236       1.517188989070e-11 
 2237       1.517857752675e-11 
 2238       1.518506433844e-11 
 2239       1.519133413351e-11 
 2240       1.519737066329e-11 
 2241       1.520315762262e-11 
 2242       1.520867864978e-11 
 2243       1.521391732644e-11 
 2244       1.521885717758e-11 
 2245       1.522348167146e-11 
 2246       1.522777421953e-11 
 2247       1.523171817636e-11 
 2248       1.523529683960e-11 
 2249       1.523849344993e-11 
 2250       1.524129119096e-11 
 2251       1.524367318917e-11 
 2252       1.524562251390e-11 
 2253       1.524712217722e-11 
 2254       1.524815513391e-11 
 2255       1.524870428138e-11 
 2256       1.524875245962e-11 
 2257       1.524828245112e-11 
 2258       1.524727698083e-11 
 2259       1.524571871608e-11 
 2260       1.524359267175e-11 
 2261       1.524089344294e-11 
 2262       1.523761801905e-11 
 2263       1.523376338275e-11 
 2264       1.522932651003e-11 
 2265       1.522430437016e-11 
 2266       1.521869392567e-11 
 2267       1.521249213240e-11 
 2268       1.520569593944e-11 
 2269       1.519830228914e-11 
 2270       1.519030811712e-11 
 2271       1.518171035224e-11 
 2272       1.517250591662e-11 
 2273       1.516269172560e-11 
 2274       1.515226468777e-11 
 2275       1.514122170493e-11 
 2276       1.512955967213e-11 
 2277       1.511727547761e-11 
 2278       1.510436600283e-11 
 2279       1.509082812245e-11 
 2280       1.507665870434e-11 
 2281       1.506185460953e-11 
 2282       1.504641269228e-11 
 2283       1.503032980000e-11 
 2284       1.501360277327e-11 
 2285       1.499622844587e-11 
 2286       1.497820364471e-11 
 2287       1.495952518986e-11 
 2288       1.494018989455e-11 
 2289       1.492019456517e-11 
 2290       1.489953600120e-11 
 2291       1.487821099530e-11 
 2292       1.485621633323e-11 
 2293       1.483354879388e-11 
 2294       1.481020514926e-11 
 2295       1.478618216446e-11 
 2296       1.476147659770e-11 
 2297       1.473608520029e-11 
 2298       1.471000471663e-11 
 2299       1.468323380686e-11 
 2300       1.465577882822e-11 
 2301       1.462764809050e-11 
 2302       1.459884993675e-11 
 2303       1.456939274334e-11 
 2304       1.453928491998e-11 
 2305       1.450853490976e-11 
 2306       1.447715118920e-11 
 2307       1.444514226828e-11 
 2308       1.441251669045e-11 
 2309       1.437928303273e-11 
 2310       1.434544990568e-11 
 2311       1.431102595348e-11 
 2312       1.427601985398e-11 
 2313       1.424044031867e-11 
 2314       1.420429609279e-11 
 2315       1.416759595535e-11 
 2316       1.413034871912e-11 
 2317       1.409256323074e-11 
 2318       1.405424837070e-11 
 2319       1.401541305341e-11 
 2320       1.397606622724e-11 
 2321       1.393621687452e-11 
 2322       1.389587401162e-11 
 2323       1.385504668896e-11 
 2324       1.381374399107e-11 
 2325       1.377197503662e-11 
 2326       1.372974897843e-11 
 2327       1.368707500355e-11 
 2328       1.364396233328e-11 
 2329       1.360042022320e-11 
 2330       1.355645796321e-11 
 2331       1.351208487759e-11 
 2332       1.346731032501e-11 
 2333       1.342214369856e-11 
 2334       1.337659442583e-11 
 2335       1.333067196892e-11 
 2336       1.328438582446e-11 
 2337       1.323774552370e-11 
 2338       1.319076109883e-11 
 2339       1.314344448533e-11 
 2340       1.309580812849e-11 
 2341       1.304786451794e-11 
 2342       1.299962618767e-11 
 2343       1.295110571612e-11 
 2344       1.290231572618e-11 
 2345       1.285326888526e-11 
 2346       1.280397790534e-11 
 2347       1.275445554302e-11 
 2348       1.270471459956e-11 
 2349       1.265476792092e-11 
 2350       1.260462839783e-11 
 2351       1.255430896583e-11 
 2352       1.250382260531e-11 
 2353       1.245318234154e-11 
 2354       1.240240124478e-11 
 2355       1.235149243026e-11 
 2356       1.230046905827e-11 
 2357       1.224934433417e-11 
 2358       1.219813150850e-11 
 2359       1.214684387695e-11 
 2360       1.209549478048e-11 
 2361       1.204409760531e-11 
 2362       1.199266578302e-11 
 2363       1.194121279053e-11 
 2364       1.188975215023e-11 
 2365       1.183829742997e-11 
 2366       1.178686224312e-11 
 2367       1.173546024864e-11 
 2368       1.168410515108e-11 
 2369       1.163281070069e-11 
 2370       1.158159069342e-11 
 2371       1.153045897099e-11 
 2372       1.147942942093e-11 
 2373       1.142851597662e-11 
 2374       1.137773261737e-11 
 2375       1.132709336842e-11 
 2376       1.127661230104e-11 
 2377       1.122630255905e-11 
 2378       1.117617343191e-11 
 2379       1.112623326372e-11 
 2380       1.107649042508e-11 
 2381       1.102695331315e-11 
 2382       1.097763035161e-11 
 2383       1.092852999077e-11 
 2384       1.087966070754e-11 
 2385       1.083103100547e-11 
 2386       1.078264941479e-11 
 2387       1.073452449243e-11 
 2388       1.068666482204e-11 
 2389       1.063907901403e-11 
 2390       1.059177570558e-11 
 2391       1.054476356069e-11 
 2392       1.049805127018e-11 
 2393       1.045164755176e-11 
 2394       1.040556115000e-11 
 2395       1.035980083640e-11 
 2396       1.031437540940e-11 
 2397       1.026929369441e-11 
 2398       1.022456454385e-11 
 2399       1.018019683716e-11 
 2400       1.013619948082e-11 
 2401       1.009258140840e-11 
 2402       1.004935158059e-11 
 2403       1.000651898518e-11 
 2404       9.964092637172e-12 
 2405       9.922081578711e-12 
 2406       9.880494879180e-12 
 2407       9.839341635201e-12 
 2408       9.798630970669e-12 
 2409       9.758372036773e-12 
 2410       9.718574012032e-12 
 2411       9.679246102312e-12 
 2412       9.640397540863e-12 
 2413       9.602037588340e-12 
 2414       9.564175532832e-12 
 2415       9.526820689889e-12 
 2416       9.489980876194e-12 
 2417       9.453657820415e-12 
 2418       9.417851724595e-12 
 2419       9.382562787978e-12 
 2420       9.347791207006e-12 
 2421       9.313537175313e-12 
 2422       9.279800883722e-12 
 2423       9.246582520242e-12 
 2424       9.213882270060e-12 
 2425       9.181700315543e-12 
 2426       9.150036836228e-12 
 2427       9.118892008821e-12 
 2428       9.088266007191e-12 
 2429       9.058159002368e-12 
 2430       9.028571162538e-12 
 2431       8.999502653038e-12 
 2432       8.970953636352e-12 
 2433       8.942924272109e-12 
 2434       8.915414717076e-12 
 2435       8.888425125155e-12 
 2436       8.861955647380e-12 
 2437       8.836006431910e-12 
 2438       8.810577624029e-12 
 2439       8.785669366138e-12 
 2440       8.761281797753e-12 
 2441       8.737415055499e-12 
 2442       8.714069273109e-12 
 2443       8.691244581417e-12 
 2444       8.668941108355e-12 
 2445       8.647158978948e-12 
 2446       8.625898315312e-12 
 2447       8.605159236647e-12 
 2448       8.584941859235e-12 
 2449       8.565246296435e-12 
 2450       8.546072658680e-12 
 2451       8.527421053469e-12 
 2452       8.509291585369e-12 
 2453       8.491684356006e-12 
 2454       8.474599464063e-12 
 2455       8.458035791865e-12 
 2456       8.441987357237e-12 
 2457       8.426446939882e-12 
 2458       8.411407292784e-12 
 2459       8.396861142180e-12 
 2460       8.382801187531e-12 
 2461       8.369220101497e-12 
 2462       8.356110529903e-12 
 2463       8.343465091718e-12 
 2464       8.331276379020e-12 
 2465       8.319536956973e-12 
 2466       8.308239363793e-12 
 2467       8.297376110725e-12 
 2468       8.286939682014e-12 
 2469       8.276922534873e-12 
 2470       8.267317099458e-12 
 2471       8.258115778839e-12 
 2472       8.249310948970e-12 
 2473       8.240894958666e-12 
 2474       8.232860129566e-12 
 2475       8.225198756114e-12 
 2476       8.217903105524e-12 
 2477       8.210965417755e-12 
 2478       8.204377905481e-12 
 2479       8.198132754064e-12 
 2480       8.192222121525e-12 
 2481       8.186638138516e-12 
 2482       8.181372908293e-12 
 2483       8.176418506684e-12 
 2484       8.171766982064e-12 
 2485       8.167410355326e-12 
 2486       8.163340619854e-12 
 2487       8.159549741489e-12 
 2488       8.156029658510e-12 
 2489       8.152772281596e-12 
 2490       8.149769493807e-12 
 2491       8.147013150546e-12 
 2492       8.144495079540e-12 
 2493       8.142207080804e-12 
 2494       8.140146143345e-12 
 2495       8.138330128770e-12 
 2496       8.136782179697e-12 
 2497       8.135525511467e-12 
 2498       8.134583412214e-12 
 2499       8.133979242939e-12 
 2500       8.133736437579e-12 
