# Matter power spectrum P(k) at redshift z=0
# for k=1.045e-05 to 35.1587 h/Mpc,
# number of wavenumbers equal to 582
#    1:k (h/Mpc)              2:P (Mpc/h)^3        
       1.045004358465e-05       5.246581358777e+01 
       2.333031646003e-05       1.136017128165e+02 
       3.625588232309e-05       1.735960512931e+02 
       4.926151484748e-05       2.331228490874e+02 
       6.238256282054e-05       2.925614265245e+02 
       7.565526530539e-05       3.521934871475e+02 
       8.911707687974e-05       4.122582834035e+02 
       1.028070072767e-04       4.729750957733e+02 
       1.167659797859e-04       5.345547389370e+02 
       1.310372128073e-04       5.972064632699e+02 
       1.456666289547e-04       6.611427118645e+02 
       1.607032960497e-04       7.264982494706e+02 
       1.761999041630e-04       7.936547353125e+02 
       1.922132824965e-04       8.627842965560e+02 
       2.088049592348e-04       9.341442433247e+02 
       2.260417664219e-04       1.008009968207e+03 
       2.439964902501e-04       1.084677570758e+03 
       2.627485646742e-04       1.164466515590e+03 
       2.823848027128e-04       1.247722268772e+03 
       3.030001548299e-04       1.334818901586e+03 
       3.246984770434e-04       1.426161556070e+03 
       3.475932824573e-04       1.522188655205e+03 
       3.718084384017e-04       1.623373704982e+03 
       3.974787570252e-04       1.730226432587e+03 
       4.247504100439e-04       1.843292964966e+03 
       4.537810789379e-04       1.963154704695e+03 
       4.847397315668e-04       2.090425427920e+03 
       5.178058974855e-04       2.225746111598e+03 
       5.531683013105e-04       2.369777019885e+03 
       5.910227121702e-04       2.523186475549e+03 
       6.315688849627e-04       2.686636039931e+03 
       6.750065137883e-04       2.860761886367e+03 
       7.215301959429e-04       3.046152623946e+03 
       7.713235180257e-04       3.243324296223e+03 
       8.245525173319e-04       3.452693790653e+03 
       8.813589235833e-04       3.674552556244e+03 
       9.418537183337e-04       3.909042981735e+03 
       1.006111625261e-03       4.156139878400e+03 
       1.074167130425e-03       4.415639558990e+03 
       1.146012510269e-03       4.687158076252e+03 
       1.221598126720e-03       4.970139409784e+03 
       1.300834972303e-03       5.263873221891e+03 
       1.383599172303e-03       5.567504558682e+03 
       1.469737934874e-03       5.880082542970e+03 
       1.559076324033e-03       6.200627448766e+03 
       1.651424225675e-03       6.528100034567e+03 
       1.746582964833e-03       6.861455318175e+03 
       1.844351177716e-03       7.199666954615e+03 
       1.944529704896e-03       7.541746802532e+03 
       2.046925420592e-03       7.886759144298e+03 
       2.151354028418e-03       8.233830725565e+03 
       2.257641930146e-03       8.582156342207e+03 
       2.365627314046e-03       8.931002291902e+03 
       2.475160621195e-03       9.279702999854e+03 
       2.586104540896e-03       9.627662771200e+03 
       2.698333668320e-03       9.974349113100e+03 
       2.811733934794e-03       1.031928961754e+04 
       2.926201898116e-03       1.066207189796e+04 
       3.041643959153e-03       1.100232738372e+04 
       3.157975553037e-03       1.133973704614e+04 
       3.275120348689e-03       1.167402573357e+04 
       3.393009479076e-03       1.200495081322e+04 
       3.511580816065e-03       1.233230658275e+04 
       3.630778297517e-03       1.265591364637e+04 
       3.750551309848e-03       1.297562031514e+04 
       3.870854126296e-03       1.329129695541e+04 
       3.991645399134e-03       1.360283406828e+04 
       4.112887702883e-03       1.391014287251e+04 
       4.234547124897e-03       1.421314424662e+04 
       4.356592899374e-03       1.451177965820e+04 
       4.478997080815e-03       1.480599985829e+04 
       4.601734253050e-03       1.509576822617e+04 
       4.724781270161e-03       1.538105167863e+04 
       4.848117025885e-03       1.566179932178e+04 
       4.971722248393e-03       1.593807936371e+04 
       5.095579317586e-03       1.620982174664e+04 
       5.219672102396e-03       1.647704489429e+04 
       5.343985815788e-03       1.673983525323e+04 
       5.468506885453e-03       1.699811436054e+04 
       5.593222838389e-03       1.725193029120e+04 
       5.718122197776e-03       1.750128255727e+04 
       5.843194390744e-03       1.774569305028e+04 
       5.968429665788e-03       1.798617803468e+04 
       6.093819018741e-03       1.822226628631e+04 
       6.219354126332e-03       1.845399448932e+04 
       6.345027286494e-03       1.868139616465e+04 
       6.470831364649e-03       1.890446219071e+04 
       6.596759745336e-03       1.912326568520e+04 
       6.722806288582e-03       1.933791442560e+04 
       6.848965290503e-03       1.954830864183e+04 
       6.975231447686e-03       1.975470123003e+04 
       7.101599824952e-03       1.995697428357e+04 
       7.228065826131e-03       2.015515641571e+04 
       7.354625167555e-03       2.034921786698e+04 
       7.481273853967e-03       2.053980198506e+04 
       7.608008156622e-03       2.072597497742e+04 
       7.734824593334e-03       2.090870840951e+04 
       7.861719910302e-03       2.108710714385e+04 
       7.988691065514e-03       2.126177028900e+04 
       8.115735213591e-03       2.143273500164e+04 
       8.242849691924e-03       2.159965604871e+04 
       8.370032007988e-03       2.176334926046e+04 
       8.497279827711e-03       2.192396075518e+04 
       8.624590964808e-03       2.208014903962e+04 
       8.751963370988e-03       2.223279921898e+04 
       8.879395126956e-03       2.238190102464e+04 
       9.006884434132e-03       2.252749655830e+04 
       9.134429607028e-03       2.266875637328e+04 
       9.262029066230e-03       2.280755201402e+04 
       9.389681331919e-03       2.294301687257e+04 
       9.517385017893e-03       2.307463209054e+04 
       9.645138826050e-03       2.320436522775e+04 
       9.772941541283e-03       2.332862568325e+04 
       9.900792026762e-03       2.345198599976e+04 
       1.002868921957e-02       2.357011061888e+04 
       1.015663212664e-02       2.368593280517e+04 
       1.028461982104e-02       2.379855051786e+04 
       1.041265143846e-02       2.390825275938e+04 
       1.054072617402e-02       2.401573719391e+04 
       1.066884327926e-02       2.411801868800e+04 
       1.079700205935e-02       2.421992739149e+04 
       1.092520187054e-02       2.431753336459e+04 
       1.105344211774e-02       2.441176559976e+04 
       1.118172225228e-02       2.450358173458e+04 
       1.131004176988e-02       2.459232048262e+04 
       1.143840020866e-02       2.467885723868e+04 
       1.156679714741e-02       2.476204677695e+04 
       1.169523220388e-02       2.484306433434e+04 
       1.182370503324e-02       2.492187550477e+04 
       1.195221532664e-02       2.499716067072e+04 
       1.208076280985e-02       2.506991552966e+04 
       1.220934724206e-02       2.513989739277e+04 
       1.233796841467e-02       2.520757586440e+04 
       1.246662615021e-02       2.527269855820e+04 
       1.259532030139e-02       2.533510669543e+04 
       1.272405075012e-02       2.539375015545e+04 
       1.285281740668e-02       2.545253857843e+04 
       1.298162020888e-02       2.550772054357e+04 
       1.311045912139e-02       2.556032720158e+04 
       1.323933413499e-02       2.560955842017e+04 
       1.336824526596e-02       2.565755443529e+04 
       1.349719255553e-02       2.570473187054e+04 
       1.362617606930e-02       2.574807236764e+04 
       1.375519589679e-02       2.578807011524e+04 
       1.388425215095e-02       2.582696510596e+04 
       1.401334496781e-02       2.586397212570e+04 
       1.414247450603e-02       2.589912802955e+04 
       1.427164094666e-02       2.593221279420e+04 
       1.440084449274e-02       2.596270845828e+04 
       1.453008536914e-02       2.599075280025e+04 
       1.465936382220e-02       2.601608152681e+04 
       1.478868011964e-02       2.604064304914e+04 
       1.491803455030e-02       2.606359064971e+04 
       1.504742742402e-02       2.608382896046e+04 
       1.517685907151e-02       2.610101190841e+04 
       1.530632984425e-02       2.611837238228e+04 
       1.543584011438e-02       2.613297188453e+04 
       1.556539027473e-02       2.614482701148e+04 
       1.569498073867e-02       2.615614896362e+04 
       1.582461194022e-02       2.616526261818e+04 
       1.595428433395e-02       2.617245143959e+04 
       1.608399839510e-02       2.617701389908e+04 
       1.621375461959e-02       2.618170256150e+04 
       1.634355352408e-02       2.618256581438e+04 
       1.647339564609e-02       2.618274335906e+04 
       1.660328154410e-02       2.618129398205e+04 
       1.673321179765e-02       2.617815329717e+04 
       1.686318700753e-02       2.617339150197e+04 
       1.699320779588e-02       2.616706862798e+04 
       1.712327480645e-02       2.615964159753e+04 
       1.725338870472e-02       2.614936087401e+04 
       1.738355017815e-02       2.613853079288e+04 
       1.751375993644e-02       2.612593823971e+04 
       1.764401871169e-02       2.611272123370e+04 
       1.777432725877e-02       2.609615234744e+04 
       1.790468635550e-02       2.607960584142e+04 
       1.803509680303e-02       2.606097999092e+04 
       1.816555942610e-02       2.604135854689e+04 
       1.829607507341e-02       2.602011229317e+04 
       1.842664461792e-02       2.599728929349e+04 
       1.855726895726e-02       2.597346304206e+04 
       1.868794901408e-02       2.594899665553e+04 
       1.881868573646e-02       2.592240498638e+04 
       1.894948009832e-02       2.589449161405e+04 
       1.908033309987e-02       2.586510304620e+04 
       1.921124576803e-02       2.583454240297e+04 
       1.934221915691e-02       2.580304782830e+04 
       1.947325434832e-02       2.577090600876e+04 
       1.960435245224e-02       2.573697107643e+04 
       1.973551460733e-02       2.570142298182e+04 
       1.986674198155e-02       2.566528224037e+04 
       1.999803577261e-02       2.562794965118e+04 
       2.012939720865e-02       2.558987446707e+04 
       2.026082754878e-02       2.554976726530e+04 
       2.039232808371e-02       2.551005749607e+04 
       2.052390013641e-02       2.546764704392e+04 
       2.065554506277e-02       2.542501551440e+04 
       2.078726425227e-02       2.538132228883e+04 
       2.091905912869e-02       2.533665054263e+04 
       2.105093115085e-02       2.529110197690e+04 
       2.118288181336e-02       2.524445838338e+04 
       2.131491264740e-02       2.519703602756e+04 
       2.144702522152e-02       2.514924273972e+04 
       2.157922114246e-02       2.509920385676e+04 
       2.171150205602e-02       2.504905071124e+04 
       2.184386964794e-02       2.499791228286e+04 
       2.197632564479e-02       2.494656261249e+04 
       2.210887181492e-02       2.489326905613e+04 
       2.224150996944e-02       2.483964205215e+04 
       2.237424196320e-02       2.478522574625e+04 
       2.250706969581e-02       2.473007060406e+04 
       2.263999511273e-02       2.467412008338e+04 
       2.277302020633e-02       2.461741769750e+04 
       2.290614701706e-02       2.456006222609e+04 
       2.303937763456e-02       2.450231961383e+04 
       2.317271419890e-02       2.444297847572e+04 
       2.330615890180e-02       2.438344097245e+04 
       2.343971398792e-02       2.432327295576e+04 
       2.357338175615e-02       2.426288220443e+04 
       2.370716456100e-02       2.420087498130e+04 
       2.384106481399e-02       2.413869079588e+04 
       2.397508498508e-02       2.407592098209e+04 
       2.410922760418e-02       2.401262309057e+04 
       2.424349526269e-02       2.394861644846e+04 
       2.437789061509e-02       2.388409793258e+04 
       2.451241638055e-02       2.381906900305e+04 
       2.464707534467e-02       2.375360662489e+04 
       2.478187036123e-02       2.368714415855e+04 
       2.491680435394e-02       2.362051413601e+04 
       2.505188031836e-02       2.355331576642e+04 
       2.518710132382e-02       2.348567428544e+04 
       2.532247051540e-02       2.341765279725e+04 
       2.545799111597e-02       2.334889864983e+04 
       2.559366642839e-02       2.328018959917e+04 
       2.572949983761e-02       2.321053994959e+04 
       2.586549481303e-02       2.314072870721e+04 
       2.600165491080e-02       2.307041458807e+04 
       2.613798377629e-02       2.299918532150e+04 
       2.627448514657e-02       2.292830300097e+04 
       2.641116285305e-02       2.285673706301e+04 
       2.654802082415e-02       2.278492357106e+04 
       2.668506308812e-02       2.271263543587e+04 
       2.682229377588e-02       2.263995605975e+04 
       2.695971712407e-02       2.256693832711e+04 
       2.709733747813e-02       2.249382379128e+04 
       2.723515929550e-02       2.242023100289e+04 
       2.737318714896e-02       2.234623092068e+04 
       2.751142573009e-02       2.227222772106e+04 
       2.764987985283e-02       2.219768460295e+04 
       2.778855445722e-02       2.212313956015e+04 
       2.792745461322e-02       2.204815280623e+04 
       2.806658552475e-02       2.197295665227e+04 
       2.820595253378e-02       2.189747429890e+04 
       2.834556112471e-02       2.182165876283e+04 
       2.848541692877e-02       2.174582960670e+04 
       2.862552572872e-02       2.166956019874e+04 
       2.876589346368e-02       2.159334102690e+04 
       2.890652623411e-02       2.151670872970e+04 
       2.904743030707e-02       2.144008831343e+04 
       2.918861212164e-02       2.136319984705e+04 
       2.933007829456e-02       2.128631814272e+04 
       2.947183562612e-02       2.120890030223e+04 
       2.961389110626e-02       2.113154802558e+04 
       2.975625192100e-02       2.105406702046e+04 
       2.989892545902e-02       2.097656554514e+04 
       3.004191931860e-02       2.089870699095e+04 
       3.018524131485e-02       2.082084391980e+04 
       3.032889948722e-02       2.074285921038e+04 
       3.047290210736e-02       2.066475710603e+04 
       3.061725768729e-02       2.058675881727e+04 
       3.076197498798e-02       2.050828143780e+04 
       3.090706302827e-02       2.042991715767e+04 
       3.105253109416e-02       2.035150396732e+04 
       3.119838874865e-02       2.027310502664e+04 
       3.134464584183e-02       2.019448482640e+04 
       3.149131252163e-02       2.011587413987e+04 
       3.163839924495e-02       2.003719628804e+04 
       3.178591678931e-02       1.995832854951e+04 
       3.193387626514e-02       1.987966233875e+04 
       3.208228912856e-02       1.980089092014e+04 
       3.223116719483e-02       1.972189041813e+04 
       3.238052265243e-02       1.964316145901e+04 
       3.253036807786e-02       1.956423203217e+04 
       3.268071645114e-02       1.948518408778e+04 
       3.283158117211e-02       1.940641930974e+04 
       3.298297607755e-02       1.932754778101e+04 
       3.313491545916e-02       1.924853407821e+04 
       3.328741408251e-02       1.916956828910e+04 
       3.344048720691e-02       1.909070447395e+04 
       3.359415060641e-02       1.901179130561e+04 
       3.374842059184e-02       1.893288172384e+04 
       3.390331403411e-02       1.885414765483e+04 
       3.405884838871e-02       1.877523972114e+04 
       3.421504172162e-02       1.869638608003e+04 
       3.437191273660e-02       1.861759317001e+04 
       3.452948080409e-02       1.853876702396e+04 
       3.468776599166e-02       1.846003230970e+04 
       3.484678909628e-02       1.838141332186e+04 
       3.500657167847e-02       1.830267226847e+04 
       3.516713609840e-02       1.822404870876e+04 
       3.532850555420e-02       1.814550342673e+04 
       3.549070412254e-02       1.806691163760e+04 
       3.565375680169e-02       1.798842494621e+04 
       3.581768955726e-02       1.790995955049e+04 
       3.598252937075e-02       1.783159687653e+04 
       3.614830429120e-02       1.775323667576e+04 
       3.631504349013e-02       1.767498947593e+04 
       3.648277732005e-02       1.759667272621e+04 
       3.665153737680e-02       1.751852067686e+04 
       3.682135656602e-02       1.744029146741e+04 
       3.699226917412e-02       1.736229042339e+04 
       3.716431094406e-02       1.728416043433e+04 
       3.733751915639e-02       1.720625860955e+04 
       3.751193271595e-02       1.712826898219e+04 
       3.768759224472e-02       1.705033092799e+04 
       3.786454018137e-02       1.697241485737e+04 
       3.804282088805e-02       1.689465329181e+04 
       3.822248076511e-02       1.681687102264e+04 
       3.840356837442e-02       1.673909850465e+04 
       3.858613457205e-02       1.666149425957e+04 
       3.877023265129e-02       1.658382257404e+04 
       3.895591849676e-02       1.650618762854e+04 
       3.914325075093e-02       1.642858232341e+04 
       3.933229099402e-02       1.635094697143e+04 
       3.952310393865e-02       1.627345159715e+04 
       3.971575764086e-02       1.619587434200e+04 
       3.991032372881e-02       1.611837260992e+04 
       4.010687765142e-02       1.604092223948e+04 
       4.030549894855e-02       1.596341196023e+04 
       4.050627154541e-02       1.588579823066e+04 
       4.070928407353e-02       1.580829416453e+04 
       4.091463022134e-02       1.573086339715e+04 
       4.112240911762e-02       1.565326388171e+04 
       4.133272575146e-02       1.557566243565e+04 
       4.154569143314e-02       1.549809314091e+04 
       4.176142430051e-02       1.542034335323e+04 
       4.198004987645e-02       1.534258054020e+04 
       4.220170168357e-02       1.526489795062e+04 
       4.242652192332e-02       1.518697157616e+04 
       4.265466222754e-02       1.510907481986e+04 
       4.288628449194e-02       1.503102752163e+04 
       4.312156180218e-02       1.495284314560e+04 
       4.336067946497e-02       1.487440742722e+04 
       4.360383615878e-02       1.479613431081e+04 
       4.385124522052e-02       1.471748003642e+04 
       4.410313608808e-02       1.463874285357e+04 
       4.435975592105e-02       1.455979941559e+04 
       4.462137142655e-02       1.448060102161e+04 
       4.488827092121e-02       1.440121438137e+04 
       4.516076666643e-02       1.432160388262e+04 
       4.543919752026e-02       1.424161966009e+04 
       4.572393195796e-02       1.416134828064e+04 
       4.601537152274e-02       1.408080102943e+04 
       4.631395478061e-02       1.399991084424e+04 
       4.662016186792e-02       1.391857796378e+04 
       4.693451973833e-02       1.383687558523e+04 
       4.725760823845e-02       1.375459430618e+04 
       4.759006716930e-02       1.367177961934e+04 
       4.793260452518e-02       1.358851572655e+04 
       4.828600614492e-02       1.350470914787e+04 
       4.865114706475e-02       1.341993508261e+04 
       4.902900493043e-02       1.333476638337e+04 
       4.942067591259e-02       1.324861761920e+04 
       4.982739367910e-02       1.316109723627e+04 
       5.025055211759e-02       1.307299194303e+04 
       5.069173267895e-02       1.298415519816e+04 
       5.115273743922e-02       1.289337355750e+04 
       5.163562926573e-02       1.280189764088e+04 
       5.214278083871e-02       1.270859170553e+04 
       5.267693473961e-02       1.261359577894e+04 
       5.324127738547e-02       1.251616907931e+04 
       5.383953027310e-02       1.241723459944e+04 
       5.447606277852e-02       1.231482738024e+04 
       5.515603156334e-02       1.221052855792e+04 
       5.588555227525e-02       1.210155057471e+04 
       5.667190925559e-02       1.198930872834e+04 
       5.752380746105e-02       1.187147195184e+04 
       5.845166594430e-02       1.174758557338e+04 
       5.946794059141e-02       1.161593593773e+04 
       6.058743937351e-02       1.147491203810e+04 
       6.182754674295e-02       1.132185481767e+04 
       6.320819351446e-02       1.115272771742e+04 
       6.475129000827e-02       1.096394869844e+04 
       6.647921333424e-02       1.074902949557e+04 
       6.841192418790e-02       1.050093328587e+04 
       7.056263881041e-02       1.021337635125e+04 
       7.293295005072e-02       9.879975825772e+03 
       7.550958766922e-02       9.498696381229e+03 
       7.826529561900e-02       9.072697296006e+03 
       8.116429134032e-02       8.612539777774e+03 
       8.416970063626e-02       8.134481651022e+03 
       8.724940127907e-02       7.657213197495e+03 
       9.037859295658e-02       7.198953837894e+03 
       9.353968144815e-02       6.775244834823e+03 
       9.672087747936e-02       6.397106596467e+03 
       9.991457038474e-02       6.070017641607e+03 
       1.031159620835e-01       5.795721761975e+03 
       1.063220720655e-01       5.570723681300e+03 
       1.095310656294e-01       5.389261341607e+03 
       1.127418195905e-01       5.243068710431e+03 
       1.159536485732e-01       5.122478741542e+03 
       1.191661351074e-01       5.017657510143e+03 
       1.223790251171e-01       4.919185955276e+03 
       1.255921639856e-01       4.818880691968e+03 
       1.288054575714e-01       4.710326631398e+03 
       1.320188484846e-01       4.589613986748e+03 
       1.352323016674e-01       4.455782748795e+03 
       1.384457956348e-01       4.309655413799e+03 
       1.416593171555e-01       4.154248323676e+03 
       1.448728580223e-01       3.994309461063e+03 
       1.480864130910e-01       3.834851615791e+03 
       1.512999790887e-01       3.680852703386e+03 
       1.545135538902e-01       3.536542806369e+03 
       1.577271360774e-01       3.405251438498e+03 
       1.609407246709e-01       3.289103480071e+03 
       1.641543189667e-01       3.188788991869e+03 
       1.673679184360e-01       3.103898488122e+03 
       1.705815226636e-01       3.032906104524e+03 
       1.737951313100e-01       2.973666964416e+03 
       1.770087440880e-01       2.923345356609e+03 
       1.802223607476e-01       2.879013206823e+03 
       1.834359810666e-01       2.837872766583e+03 
       1.866496048443e-01       2.797453956381e+03 
       1.898632318976e-01       2.755102979991e+03 
       1.930768620578e-01       2.709127568729e+03 
       1.962904951689e-01       2.658521423511e+03 
       1.995041310858e-01       2.603410528161e+03 
       2.027177696732e-01       2.544430925387e+03 
       2.059314108045e-01       2.482753791871e+03 
       2.091450543613e-01       2.420114076302e+03 
       2.123587002325e-01       2.357980264102e+03 
       2.155723483137e-01       2.297965822791e+03 
       2.187859985067e-01       2.241241258454e+03 
       2.219996507191e-01       2.188674073130e+03 
       2.252133048639e-01       2.140875137700e+03 
       2.284269608589e-01       2.097996519593e+03 
       2.316406186265e-01       2.059983016920e+03 
       2.348542780934e-01       2.026372551029e+03 
       2.380679391905e-01       1.996646424952e+03 
       2.412816018521e-01       1.969912377513e+03 
       2.444952660162e-01       1.945214136668e+03 
       2.477089316238e-01       1.921691888133e+03 
       2.509225986192e-01       1.898392650003e+03 
       2.541362669493e-01       1.874697577579e+03 
       2.573499365640e-01       1.850163598298e+03 
       2.605636074152e-01       1.824524815350e+03 
       2.637772794577e-01       1.797752416516e+03 
       2.669909526481e-01       1.769988522539e+03 
       2.702046269452e-01       1.741492214088e+03 
       2.734183023097e-01       1.712673370427e+03 
       2.766319787043e-01       1.684008730126e+03 
       2.798456560933e-01       1.655954165878e+03 
       2.830593344425e-01       1.628951288679e+03 
       2.862730137195e-01       1.603373658175e+03 
       2.894866938933e-01       1.579406756487e+03 
       2.927003749340e-01       1.557164878767e+03 
       2.959140568133e-01       1.536617685076e+03 
       2.991277395041e-01       1.517606339543e+03 
       3.023414229803e-01       1.499922146611e+03 
       3.055551072170e-01       1.483326902952e+03 
       3.087687921904e-01       1.467563568618e+03 
       3.119824778775e-01       1.452331982431e+03 
       3.151961642564e-01       1.437432413651e+03 
       3.184098513061e-01       1.422617092041e+03 
       3.216235390064e-01       1.407724791233e+03 
       3.248372273378e-01       1.392646311530e+03 
       3.280509162817e-01       1.377344996459e+03 
       3.312646058203e-01       1.361828045362e+03 
       3.344782959362e-01       1.346247269627e+03 
       3.376919866130e-01       1.330642287373e+03 
       3.409056778346e-01       1.315210615470e+03 
       3.441193695858e-01       1.300054883177e+03 
       3.473330618518e-01       1.285286160652e+03 
       3.505467546183e-01       1.270993908697e+03 
       3.537604478717e-01       1.257238889804e+03 
       3.569741415987e-01       1.244072415998e+03 
       3.601878357867e-01       1.231508223812e+03 
       3.634015304232e-01       1.219532218441e+03 
       3.666152254966e-01       1.208092515260e+03 
       3.698289209953e-01       1.197116848475e+03 
       3.730426169084e-01       1.186505722649e+03 
       3.762563132250e-01       1.176179850309e+03 
       3.794700099351e-01       1.166050958061e+03 
       3.826837070285e-01       1.156055130837e+03 
       3.858974044957e-01       1.146149532295e+03 
       3.891111023274e-01       1.136308510969e+03 
       3.923248005145e-01       1.126510710556e+03 
       3.955384990485e-01       1.116768187215e+03 
       3.987521979208e-01       1.107076968573e+03 
       4.019658971233e-01       1.097457589935e+03 
       4.051795966482e-01       1.087938697240e+03 
       4.083932964878e-01       1.078555131989e+03 
       4.116069966346e-01       1.069342944132e+03 
       4.148206970816e-01       1.060335275363e+03 
       4.180343978218e-01       1.051550044727e+03 
       4.212480988484e-01       1.042996085695e+03 
       4.244618001549e-01       1.034679324475e+03 
       4.276755017350e-01       1.026570510702e+03 
       4.308892035825e-01       1.018683125476e+03 
       4.341029056915e-01       1.010991546915e+03 
       4.373166080561e-01       1.003490496433e+03 
       4.405303106709e-01       9.961484781023e+02 
       4.437440135302e-01       9.889705246502e+02 
       4.469577166289e-01       9.818992722019e+02 
       4.501714199618e-01       9.749409412318e+02 
       4.533851235238e-01       9.680671392087e+02 
       4.565988273101e-01       9.612655605080e+02 
       4.598125313161e-01       9.545313399976e+02 
       4.630262355371e-01       9.478656407068e+02 
       4.662399399686e-01       9.412725128690e+02 
       4.694536446064e-01       9.347570294997e+02 
       4.726673494461e-01       9.283235912206e+02 
       4.758810544837e-01       9.219763522294e+02 
       4.790947597152e-01       9.157198180462e+02 
       4.823084651368e-01       9.095637185656e+02 
       4.855221707445e-01       9.035129811840e+02 
       4.887358765348e-01       8.975762339528e+02 
       4.919495825040e-01       8.917553401503e+02 
       4.951632886487e-01       8.860501406142e+02 
       4.983769949654e-01       8.804546270370e+02 
       5.015907014508e-01       8.749599310070e+02 
       5.048044081018e-01       8.695557923467e+02 
       5.080181149151e-01       8.642398418877e+02 
       5.112318218876e-01       8.589901162418e+02 
       5.144455290164e-01       8.538230829304e+02 
       5.176592362986e-01       8.487172209829e+02 
       5.208729437313e-01       8.436682282445e+02 
       5.240866513118e-01       8.386834378201e+02 
       5.273003590372e-01       8.337529619108e+02 
       5.305140669051e-01       8.288742533946e+02 
       5.337277749127e-01       8.240489428426e+02 
       5.369414830576e-01       8.192854785323e+02 
       5.401551913374e-01       8.145752740096e+02 
       5.433688997495e-01       8.099277033099e+02 
       5.465826082918e-01       8.053393031936e+02 
       5.497963169619e-01       8.008176931688e+02 
       5.530100257575e-01       7.963586909614e+02 
       5.562237346765e-01       7.919593215325e+02 
       5.594374437167e-01       7.876185821272e+02 
       5.626511528761e-01       7.833366538844e+02 
       5.658648621527e-01       7.791124328309e+02 
       5.690785715443e-01       7.749455091603e+02 
       5.722922810492e-01       7.708335610275e+02 
       5.755059906654e-01       7.667733037463e+02 
       5.787197003910e-01       7.627609764486e+02 
       5.819334102242e-01       7.587940241257e+02 
       5.851471201632e-01       7.548697154743e+02 
       5.883608302063e-01       7.509880277682e+02 
       5.915745403519e-01       7.471490951372e+02 
       5.947882505981e-01       7.433527182012e+02 
       5.980019609435e-01       7.395979761309e+02 
       6.012156713864e-01       7.358835317100e+02 
       6.044293819252e-01       7.322078154728e+02 
       6.076430925584e-01       7.285697495919e+02 
       6.108568032846e-01       7.249695801015e+02 
       6.140705141023e-01       7.214080691587e+02 
       6.172842250099e-01       7.178859939357e+02 
       6.204979360062e-01       7.144045042330e+02 
       6.237116470898e-01       7.109626281712e+02 
       6.269253582593e-01       7.075591194439e+02 
       6.301390695134e-01       7.041917990956e+02 
       6.667540561749e-01       6.681585811402e+02 
       7.107351280455e-01       6.297106286011e+02 
       7.661003767576e-01       5.873242279190e+02 
       8.406393031317e-01       5.383824107176e+02 
       9.505981221918e-01       4.785561386231e+02 
       1.127496313035e+00       4.030933196923e+02 
       1.400595265656e+00       3.176839438630e+02 
       1.762121257978e+00       2.390938901864e+02 
       2.218365039550e+00       1.730955569226e+02 
       2.792756088276e+00       1.206593681738e+02 
       3.515871608464e+00       8.131494477086e+01 
       4.426220112501e+00       5.327056310928e+01 
       5.572280977822e+00       3.411013243862e+01 
       7.015086124637e+00       2.145309624476e+01 
       8.831470188231e+00       1.330769052761e+01 
       1.111816224347e+01       8.168991491229e+00 
       1.399693698075e+01       4.975284491887e+00 
       1.762109965235e+01       3.012427831761e+00 
       2.218365013610e+01       1.816010140744e+00 
       2.792756088269e+01       1.091219485221e+00 
       3.515871608464e+01       6.541277387797e-01 
