# Matter power spectrum P(k) at redshift z=0
# for k=1.045e-05 to 35.1587 h/Mpc,
# number of wavenumbers equal to 582
#    1:k (h/Mpc)              2:P (Mpc/h)^3        
       1.045004358465e-05       5.246581358777e+01 
       2.333031646003e-05       1.136017128165e+02 
       3.625588232309e-05       1.735960512931e+02 
       4.926151484748e-05       2.331228490874e+02 
       6.238256282054e-05       2.925614265245e+02 
       7.565526530539e-05       3.521934871475e+02 
       8.911707687974e-05       4.122582834035e+02 
       1.028070072767e-04       4.729750957733e+02 
       1.167659797859e-04       5.345547389370e+02 
       1.310372128073e-04       5.972064632699e+02 
       1.456666289547e-04       6.611427118645e+02 
       1.607032960497e-04       7.265827915457e+02 
       1.761999041630e-04       7.937559775375e+02 
       1.922132824965e-04       8.629043363990e+02 
       2.088049592348e-04       9.342854039940e+02 
       2.260417664219e-04       1.008174835610e+03 
       2.439964902501e-04       1.084869036233e+03 
       2.627485646742e-04       1.164687825441e+03 
       2.823848027128e-04       1.247977081791e+03 
       3.030001548299e-04       1.335111355908e+03 
       3.246984770434e-04       1.426496346875e+03 
       3.475932824573e-04       1.522571124941e+03 
       3.718084384017e-04       1.623809947914e+03 
       3.974787570252e-04       1.730723415575e+03 
       4.247504100439e-04       1.843858666347e+03 
       4.537810789379e-04       1.963798272996e+03 
       4.847397315668e-04       2.091157361788e+03 
       5.178058974855e-04       2.226578461650e+03 
       5.531683013105e-04       2.370723612202e+03 
       5.910227121702e-04       2.524263155039e+03 
       6.315688849627e-04       2.687860929882e+03 
       6.750065137883e-04       2.862155658040e+03 
       7.215301959429e-04       3.047738767369e+03 
       7.713235180257e-04       3.245129380448e+03 
       8.245525173319e-04       3.454747699259e+03 
       8.813589235833e-04       3.676888682170e+03 
       9.418537183337e-04       3.911698365309e+03 
       1.006111625261e-03       4.159155273973e+03 
       1.074167130425e-03       4.419059419345e+03 
       1.146012510269e-03       4.691030449351e+03 
       1.221598126720e-03       4.974515749082e+03 
       1.300834972303e-03       5.268808118369e+03 
       1.383599172303e-03       5.573055392342e+03 
       1.469737934874e-03       5.886309102295e+03 
       1.559076324033e-03       6.207591562825e+03 
       1.651424225675e-03       6.535865132386e+03 
       1.746582964833e-03       6.870086019146e+03 
       1.844351177716e-03       7.209228678788e+03 
       1.944529704896e-03       7.552305410293e+03 
       2.046925420592e-03       7.898380610768e+03 
       2.151354028418e-03       8.246580853129e+03 
       2.257641930146e-03       8.596100510936e+03 
       2.365627314046e-03       8.946205248425e+03 
       2.475160621195e-03       9.296228674829e+03 
       2.586104540896e-03       9.645574134008e+03 
       2.698333668320e-03       9.993708047909e+03 
       2.811733934794e-03       1.034015682470e+04 
       2.926201898116e-03       1.068450682551e+04 
       3.041643959153e-03       1.102638815234e+04 
       3.157975553037e-03       1.136548041016e+04 
       3.275120348689e-03       1.170150705294e+04 
       3.393009479076e-03       1.203422401893e+04 
       3.511580816065e-03       1.236342417052e+04 
       3.630778297517e-03       1.268892666002e+04 
       3.750551309848e-03       1.301057834744e+04 
       3.870854126296e-03       1.332824814646e+04 
       3.991645399134e-03       1.364182510951e+04 
       4.112887702883e-03       1.395121902246e+04 
       4.234547124897e-03       1.425634932242e+04 
       4.356592899374e-03       1.455715606749e+04 
       4.478997080815e-03       1.485358860359e+04 
       4.601734253050e-03       1.514560892554e+04 
       4.724781270161e-03       1.543318256073e+04 
       4.848117025885e-03       1.571625714629e+04 
       4.971722248393e-03       1.599489983862e+04 
       5.095579317586e-03       1.626903902820e+04 
       5.219672102396e-03       1.653869190129e+04 
       5.343985815788e-03       1.680394394125e+04 
       5.468506885453e-03       1.706471508324e+04 
       5.593222838389e-03       1.732105229449e+04 
       5.718122197776e-03       1.757295378965e+04 
       5.843194390744e-03       1.781993809094e+04 
       5.968429665788e-03       1.806302453104e+04 
       6.093819018741e-03       1.830173860650e+04 
       6.219354126332e-03       1.853611588933e+04 
       6.345027286494e-03       1.876618878617e+04 
       6.470831364649e-03       1.899194686820e+04 
       6.596759745336e-03       1.921346234431e+04 
       6.722806288582e-03       1.943084228279e+04 
       6.848965290503e-03       1.964398518948e+04 
       6.975231447686e-03       1.985314402387e+04 
       7.101599824952e-03       2.005819908322e+04 
       7.228065826131e-03       2.025917792592e+04 
       7.354625167555e-03       2.045604942960e+04 
       7.481273853967e-03       2.064945930407e+04 
       7.608008156622e-03       2.083846745756e+04 
       7.734824593334e-03       2.102404973998e+04 
       7.861719910302e-03       2.120530477525e+04 
       7.988691065514e-03       2.138283395296e+04 
       8.115735213591e-03       2.155667355264e+04 
       8.242849691924e-03       2.172647514002e+04 
       8.370032007988e-03       2.189305842305e+04 
       8.497279827711e-03       2.205656948364e+04 
       8.624590964808e-03       2.221565733193e+04 
       8.751963370988e-03       2.237121152409e+04 
       8.879395126956e-03       2.252322068001e+04 
       9.006884434132e-03       2.267172613607e+04 
       9.134429607028e-03       2.281589179435e+04 
       9.262029066230e-03       2.295760078187e+04 
       9.389681331919e-03       2.309597971945e+04 
       9.517385017893e-03       2.323050510546e+04 
       9.645138826050e-03       2.336315743385e+04 
       9.772941541283e-03       2.349031952876e+04 
       9.900792026762e-03       2.361659588800e+04 
       1.002868921957e-02       2.373761844838e+04 
       1.015663212664e-02       2.385634102348e+04 
       1.028461982104e-02       2.397185401198e+04 
       1.041265143846e-02       2.408444770091e+04 
       1.054072617402e-02       2.419482433670e+04 
       1.066884327926e-02       2.429997454880e+04 
       1.079700205935e-02       2.440476557793e+04 
       1.092520187054e-02       2.450523557090e+04 
       1.105344211774e-02       2.460231986910e+04 
       1.118172225228e-02       2.469698304388e+04 
       1.131004176988e-02       2.478855756151e+04 
       1.143840020866e-02       2.487792531838e+04 
       1.156679714741e-02       2.496393064232e+04 
       1.169523220388e-02       2.504775795274e+04 
       1.182370503324e-02       2.512937189765e+04 
       1.195221532664e-02       2.520744055550e+04 
       1.208076280985e-02       2.528296748555e+04 
       1.220934724206e-02       2.535570706903e+04 
       1.233796841467e-02       2.542613237788e+04 
       1.246662615021e-02       2.549398802679e+04 
       1.259532030139e-02       2.555911301531e+04 
       1.272405075012e-02       2.562044657885e+04 
       1.285281740668e-02       2.568193432875e+04 
       1.298162020888e-02       2.573978895227e+04 
       1.311045912139e-02       2.579505052940e+04 
       1.323933413499e-02       2.584691037772e+04 
       1.336824526596e-02       2.589752883916e+04 
       1.349719255553e-02       2.594732630420e+04 
       1.362617606930e-02       2.599325388386e+04 
       1.375519589679e-02       2.603580967946e+04 
       1.388425215095e-02       2.607725561003e+04 
       1.401334496781e-02       2.611679803667e+04 
       1.414247450603e-02       2.615447364925e+04 
       1.427164094666e-02       2.619005957963e+04 
       1.440084449274e-02       2.622303179010e+04 
       1.453008536914e-02       2.625352879208e+04 
       1.465936382220e-02       2.628128274976e+04 
       1.478868011964e-02       2.630826245224e+04 
       1.491803455030e-02       2.633361168020e+04 
       1.504742742402e-02       2.635622251213e+04 
       1.517685907151e-02       2.637574426122e+04 
       1.530632984425e-02       2.639544522444e+04 
       1.543584011438e-02       2.641235370168e+04 
       1.556539027473e-02       2.642648570537e+04 
       1.569498073867e-02       2.644007707414e+04 
       1.582461194022e-02       2.645143312282e+04 
       1.595428433395e-02       2.646084000525e+04 
       1.608399839510e-02       2.646758740203e+04 
       1.621375461959e-02       2.647445976839e+04 
       1.634355352408e-02       2.647745832396e+04 
       1.647339564609e-02       2.647975949258e+04 
       1.660328154410e-02       2.648041045202e+04 
       1.673321179765e-02       2.647934557618e+04 
       1.686318700753e-02       2.647663545622e+04 
       1.699320779588e-02       2.647234041767e+04 
       1.712327480645e-02       2.646692265247e+04 
       1.725338870472e-02       2.645861032607e+04 
       1.738355017815e-02       2.644973616552e+04 
       1.751375993644e-02       2.643907143476e+04 
       1.764401871169e-02       2.642776827947e+04 
       1.777432725877e-02       2.641306384280e+04 
       1.790468635550e-02       2.639837539575e+04 
       1.803509680303e-02       2.638157367246e+04 
       1.816555942610e-02       2.636375615969e+04 
       1.829607507341e-02       2.634428501361e+04 
       1.842664461792e-02       2.632320850294e+04 
       1.855726895726e-02       2.630110741635e+04 
       1.868794901408e-02       2.627834951912e+04 
       1.881868573646e-02       2.625342924134e+04 
       1.894948009832e-02       2.622716062432e+04 
       1.908033309987e-02       2.619938770440e+04 
       1.921124576803e-02       2.617041742389e+04 
       1.934221915691e-02       2.614049094790e+04 
       1.947325434832e-02       2.610989875208e+04 
       1.960435245224e-02       2.607747857052e+04 
       1.973551460733e-02       2.604341244778e+04 
       1.986674198155e-02       2.600873510967e+04 
       1.999803577261e-02       2.597283855910e+04 
       2.012939720865e-02       2.593617825986e+04 
       2.026082754878e-02       2.589744577323e+04 
       2.039232808371e-02       2.585910570478e+04 
       2.052390013641e-02       2.581801427547e+04 
       2.065554506277e-02       2.577668724251e+04 
       2.078726425227e-02       2.573427137062e+04 
       2.091905912869e-02       2.569085081663e+04 
       2.105093115085e-02       2.564652857304e+04 
       2.118288181336e-02       2.560108289360e+04 
       2.131491264740e-02       2.555483460618e+04 
       2.144702522152e-02       2.550819762249e+04 
       2.157922114246e-02       2.545926819459e+04 
       2.171150205602e-02       2.541021023807e+04 
       2.184386964794e-02       2.536013909077e+04 
       2.197632564479e-02       2.530984072548e+04 
       2.210887181492e-02       2.525755505581e+04 
       2.224150996944e-02       2.520491763853e+04 
       2.237424196320e-02       2.515146526004e+04 
       2.250706969581e-02       2.509724900839e+04 
       2.263999511273e-02       2.504221125273e+04 
       2.277302020633e-02       2.498639602428e+04 
       2.290614701706e-02       2.492990353888e+04 
       2.303937763456e-02       2.487300395619e+04 
       2.317271419890e-02       2.481446581866e+04 
       2.330615890180e-02       2.475571415324e+04 
       2.343971398792e-02       2.469630754120e+04 
       2.357338175615e-02       2.463666045267e+04 
       2.370716456100e-02       2.457535563592e+04 
       2.384106481399e-02       2.451385657716e+04 
       2.397508498508e-02       2.445174763194e+04 
       2.410922760418e-02       2.438908720610e+04 
       2.424349526269e-02       2.432569140795e+04 
       2.437789061509e-02       2.426176035524e+04 
       2.451241638055e-02       2.419729542481e+04 
       2.464707534467e-02       2.413237481632e+04 
       2.478187036123e-02       2.406642187091e+04 
       2.491680435394e-02       2.400028355148e+04 
       2.505188031836e-02       2.393355195522e+04 
       2.518710132382e-02       2.386635442396e+04 
       2.532247051540e-02       2.379875510086e+04 
       2.545799111597e-02       2.373039493075e+04 
       2.559366642839e-02       2.366206553691e+04 
       2.572949983761e-02       2.359276339719e+04 
       2.586549481303e-02       2.352328148759e+04 
       2.600165491080e-02       2.345327226607e+04 
       2.613798377629e-02       2.338231578367e+04 
       2.627448514657e-02       2.331169722858e+04 
       2.641116285305e-02       2.324036703836e+04 
       2.654802082415e-02       2.316876925421e+04 
       2.668506308812e-02       2.309667250067e+04 
       2.682229377588e-02       2.302416165476e+04 
       2.695971712407e-02       2.295129052775e+04 
       2.709733747813e-02       2.287830519735e+04 
       2.723515929550e-02       2.280481694840e+04 
       2.737318714896e-02       2.273089800424e+04 
       2.751142573009e-02       2.265696023673e+04 
       2.764987985283e-02       2.258245650604e+04 
       2.778855445722e-02       2.250793513205e+04 
       2.792745461322e-02       2.243294778886e+04 
       2.806658552475e-02       2.235773124916e+04 
       2.820595253378e-02       2.228220717975e+04 
       2.834556112471e-02       2.220632762593e+04 
       2.848541692877e-02       2.213041842840e+04 
       2.862552572872e-02       2.205404448807e+04 
       2.876589346368e-02       2.197770601512e+04 
       2.890652623411e-02       2.190093038696e+04 
       2.904743030707e-02       2.182415110227e+04 
       2.918861212164e-02       2.174708259407e+04 
       2.933007829456e-02       2.167000522251e+04 
       2.947183562612e-02       2.159236503491e+04 
       2.961389110626e-02       2.151477595972e+04 
       2.975625192100e-02       2.143703974975e+04 
       2.989892545902e-02       2.135926689703e+04 
       3.004191931860e-02       2.128111382795e+04 
       3.018524131485e-02       2.120294039051e+04 
       3.032889948722e-02       2.112462703887e+04 
       3.047290210736e-02       2.104617810220e+04 
       3.061725768729e-02       2.096781945706e+04 
       3.076197498798e-02       2.088895589976e+04 
       3.090706302827e-02       2.081019212362e+04 
       3.105253109416e-02       2.073136271455e+04 
       3.119838874865e-02       2.065253220148e+04 
       3.134464584183e-02       2.057346003380e+04 
       3.149131252163e-02       2.049438194355e+04 
       3.163839924495e-02       2.041521961570e+04 
       3.178591678931e-02       2.033584766238e+04 
       3.193387626514e-02       2.025666603920e+04 
       3.208228912856e-02       2.017736134931e+04 
       3.223116719483e-02       2.009780698209e+04 
       3.238052265243e-02       2.001851461421e+04 
       3.253036807786e-02       1.993900183648e+04 
       3.268071645114e-02       1.985935239891e+04 
       3.283158117211e-02       1.977997697794e+04 
       3.298297607755e-02       1.970047698230e+04 
       3.313491545916e-02       1.962081618239e+04 
       3.328741408251e-02       1.954118895946e+04 
       3.344048720691e-02       1.946165063779e+04 
       3.359415060641e-02       1.938204647982e+04 
       3.374842059184e-02       1.930243064616e+04 
       3.390331403411e-02       1.922297904203e+04 
       3.405884838871e-02       1.914333427864e+04 
       3.421504172162e-02       1.906372977897e+04 
       3.437191273660e-02       1.898417216291e+04 
       3.452948080409e-02       1.890456529810e+04 
       3.468776599166e-02       1.882503678535e+04 
       3.484678909628e-02       1.874561153094e+04 
       3.500657167847e-02       1.866604616194e+04 
       3.516713609840e-02       1.858658590611e+04 
       3.532850555420e-02       1.850719065602e+04 
       3.549070412254e-02       1.842773267225e+04 
       3.565375680169e-02       1.834836719827e+04 
       3.581768955726e-02       1.826900844797e+04 
       3.598252937075e-02       1.818973983142e+04 
       3.614830429120e-02       1.811045869781e+04 
       3.631504349013e-02       1.803127827606e+04 
       3.648277732005e-02       1.795201157921e+04 
       3.665153737680e-02       1.787289859758e+04 
       3.682135656602e-02       1.779369154831e+04 
       3.699226917412e-02       1.771470329628e+04 
       3.716431094406e-02       1.763556791179e+04 
       3.733751915639e-02       1.755665137562e+04 
       3.751193271595e-02       1.747762986102e+04 
       3.768759224472e-02       1.739864621428e+04 
       3.786454018137e-02       1.731967010123e+04 
       3.804282088805e-02       1.724083739404e+04 
       3.822248076511e-02       1.716196845361e+04 
       3.840356837442e-02       1.708309448656e+04 
       3.858613457205e-02       1.700437805929e+04 
       3.877023265129e-02       1.692557741479e+04 
       3.895591849676e-02       1.684679937615e+04 
       3.914325075093e-02       1.676803663754e+04 
       3.933229099402e-02       1.668922792954e+04 
       3.952310393865e-02       1.661054767148e+04 
       3.971575764086e-02       1.653176817957e+04 
       3.991032372881e-02       1.645305092967e+04 
       4.010687765142e-02       1.637437108936e+04 
       4.030549894855e-02       1.629561438885e+04 
       4.050627154541e-02       1.621673604060e+04 
       4.070928407353e-02       1.613795475607e+04 
       4.091463022134e-02       1.605923314792e+04 
       4.112240911762e-02       1.598032257574e+04 
       4.133272575146e-02       1.590139422458e+04 
       4.154569143314e-02       1.582248299717e+04 
       4.176142430051e-02       1.574337033958e+04 
       4.198004987645e-02       1.566422812436e+04 
       4.220170168357e-02       1.558515202413e+04 
       4.242652192332e-02       1.550580895369e+04 
       4.265466222754e-02       1.542647965408e+04 
       4.288628449194e-02       1.534697877523e+04 
       4.312156180218e-02       1.526731990765e+04 
       4.336067946497e-02       1.518738531175e+04 
       4.360383615878e-02       1.510760027877e+04 
       4.385124522052e-02       1.502740544168e+04 
       4.410313608808e-02       1.494710710597e+04 
       4.435975592105e-02       1.486657805090e+04 
       4.462137142655e-02       1.478576774882e+04 
       4.488827092121e-02       1.470474434402e+04 
       4.516076666643e-02       1.462347068759e+04 
       4.543919752026e-02       1.454179199090e+04 
       4.572393195796e-02       1.445979666420e+04 
       4.601537152274e-02       1.437749560864e+04 
       4.631395478061e-02       1.429481900382e+04 
       4.662016186792e-02       1.421166324391e+04 
       4.693451973833e-02       1.412810266822e+04 
       4.725760823845e-02       1.404392051074e+04 
       4.759006716930e-02       1.395916229566e+04 
       4.793260452518e-02       1.387391329284e+04 
       4.828600614492e-02       1.378807558301e+04 
       4.865114706475e-02       1.370120959400e+04 
       4.902900493043e-02       1.361390337790e+04 
       4.942067591259e-02       1.352555119943e+04 
       4.982739367910e-02       1.343574648154e+04 
       5.025055211759e-02       1.334529674637e+04 
       5.069173267895e-02       1.325404717002e+04 
       5.115273743922e-02       1.316074193899e+04 
       5.163562926573e-02       1.306666524668e+04 
       5.214278083871e-02       1.297063935980e+04 
       5.267693473961e-02       1.287280093041e+04 
       5.324127738547e-02       1.277237630765e+04 
       5.383953027310e-02       1.267030663162e+04 
       5.447606277852e-02       1.256455024993e+04 
       5.515603156334e-02       1.245672216064e+04 
       5.588555227525e-02       1.234392361674e+04 
       5.667190925559e-02       1.222758933276e+04 
       5.752380746105e-02       1.210527892408e+04 
       5.845166594430e-02       1.197648034752e+04 
       5.946794059141e-02       1.183936953855e+04 
       6.058743937351e-02       1.169221334970e+04 
       6.182754674295e-02       1.153217705920e+04 
       6.320819351446e-02       1.135498008301e+04 
       6.475129000827e-02       1.115678707212e+04 
       6.647921333424e-02       1.093073767096e+04 
       6.841192418790e-02       1.066939418256e+04 
       7.056263881041e-02       1.036611090336e+04 
       7.293295005072e-02       1.001418900702e+04 
       7.550958766922e-02       9.611505637983e+03 
       7.826529561900e-02       9.161400880206e+03 
       8.116429134032e-02       8.674937250725e+03 
       8.416970063626e-02       8.169099493783e+03 
       8.724940127907e-02       7.663394283908e+03 
       9.037859295658e-02       7.176845306727e+03 
       9.353968144815e-02       6.725719187222e+03 
       9.672087747936e-02       6.321618746716e+03 
       9.991457038474e-02       5.970406366059e+03 
       1.031159620835e-01       5.674051355225e+03 
       1.063220720655e-01       5.429039222301e+03 
       1.095310656294e-01       5.229445324399e+03 
       1.127418195905e-01       5.066693057557e+03 
       1.159536485732e-01       4.930722267622e+03 
       1.191661351074e-01       4.811302026994e+03 
       1.223790251171e-01       4.698661433661e+03 
       1.255921639856e-01       4.584353776587e+03 
       1.288054575714e-01       4.461801756396e+03 
       1.320188484846e-01       4.327035584377e+03 
       1.352323016674e-01       4.179120170506e+03 
       1.384457956348e-01       4.018928805373e+03 
       1.416593171555e-01       3.849559843079e+03 
       1.448728580223e-01       3.675870182035e+03 
       1.480864130910e-01       3.502984624886e+03 
       1.512999790887e-01       3.336007351313e+03 
       1.545135538902e-01       3.179298050670e+03 
       1.577271360774e-01       3.036314471420e+03 
       1.609407246709e-01       2.909287686017e+03 
       1.641543189667e-01       2.798966603341e+03 
       1.673679184360e-01       2.704950854056e+03 
       1.705815226636e-01       2.625663743380e+03 
       1.737951313100e-01       2.558868407779e+03 
       1.770087440880e-01       2.501597853004e+03 
       1.802223607476e-01       2.450786668512e+03 
       1.834359810666e-01       2.403510131329e+03 
       1.866496048443e-01       2.357193058615e+03 
       1.898632318976e-01       2.309078726293e+03 
       1.930768620578e-01       2.257413657813e+03 
       1.962904951689e-01       2.201153374636e+03 
       1.995041310858e-01       2.140419212969e+03 
       2.027177696732e-01       2.075851881685e+03 
       2.059314108045e-01       2.008641076781e+03 
       2.091450543613e-01       1.940563128452e+03 
       2.123587002325e-01       1.873124821379e+03 
       2.155723483137e-01       1.807996398934e+03 
       2.187859985067e-01       1.746399317098e+03 
       2.219996507191e-01       1.689249166844e+03 
       2.252133048639e-01       1.637200302152e+03 
       2.284269608589e-01       1.590427879121e+03 
       2.316406186265e-01       1.548887856602e+03 
       2.348542780934e-01       1.512102979334e+03 
       2.380679391905e-01       1.479531354904e+03 
       2.412816018521e-01       1.450230992859e+03 
       2.444952660162e-01       1.423188267226e+03 
       2.477089316238e-01       1.397489468066e+03 
       2.509225986192e-01       1.372120450107e+03 
       2.541362669493e-01       1.346420023909e+03 
       2.573499365640e-01       1.319911750643e+03 
       2.605636074152e-01       1.292305068723e+03 
       2.637772794577e-01       1.263559179151e+03 
       2.669909526481e-01       1.233813693318e+03 
       2.702046269452e-01       1.203332599481e+03 
       2.734183023097e-01       1.172542500934e+03 
       2.766319787043e-01       1.141945202960e+03 
       2.798456560933e-01       1.112025049473e+03 
       2.830593344425e-01       1.083256552577e+03 
       2.862730137195e-01       1.056046175185e+03 
       2.894866938933e-01       1.030600659610e+03 
       2.927003749340e-01       1.007051514723e+03 
       2.959140568133e-01       9.853734012963e+02 
       2.991277395041e-01       9.653997491618e+02 
       3.023414229803e-01       9.469075820246e+02 
       3.055551072170e-01       9.296395274770e+02 
       3.087687921904e-01       9.133154780574e+02 
       3.119824778775e-01       8.976057727082e+02 
       3.151961642564e-01       8.822895631304e+02 
       3.184098513061e-01       8.670912955712e+02 
       3.216235390064e-01       8.518294149177e+02 
       3.248372273378e-01       8.363786739795e+02 
       3.280509162817e-01       8.206934131818e+02 
       3.312646058203e-01       8.047762966532e+02 
       3.344782959362e-01       7.887919212818e+02 
       3.376919866130e-01       7.727803661134e+02 
       3.409056778346e-01       7.569602923643e+02 
       3.441193695858e-01       7.414457081726e+02 
       3.473330618518e-01       7.263618008139e+02 
       3.505467546183e-01       7.118109316044e+02 
       3.537604478717e-01       6.978641670306e+02 
       3.569741415987e-01       6.845828154162e+02 
       3.601878357867e-01       6.719858646843e+02 
       3.634015304232e-01       6.600605132298e+02 
       3.666152254966e-01       6.487501321265e+02 
       3.698289209953e-01       6.379738202965e+02 
       3.730426169084e-01       6.276181035059e+02 
       3.762563132250e-01       6.175918650977e+02 
       3.794700099351e-01       6.077925005060e+02 
       3.826837070285e-01       5.981448864762e+02 
       3.858974044957e-01       5.885978945713e+02 
       3.891111023274e-01       5.791201219352e+02 
       3.923248005145e-01       5.696848930782e+02 
       3.955384990485e-01       5.603049489539e+02 
       3.987521979208e-01       5.509740925803e+02 
       4.019658971233e-01       5.417154225776e+02 
       4.051795966482e-01       5.325621517331e+02 
       4.083932964878e-01       5.235555031858e+02 
       4.116069966346e-01       5.147388408361e+02 
       4.148206970816e-01       5.061527200671e+02 
       4.180343978218e-01       4.978198095200e+02 
       4.212480988484e-01       4.897520667505e+02 
       4.244618001549e-01       4.819581264527e+02 
       4.276755017350e-01       4.744033920417e+02 
       4.308892035825e-01       4.671057564922e+02 
       4.341029056915e-01       4.600348014913e+02 
       4.373166080561e-01       4.531851028691e+02 
       4.405303106709e-01       4.465183467922e+02 
       4.437440135302e-01       4.400416457210e+02 
       4.469577166289e-01       4.336834650375e+02 
       4.501714199618e-01       4.274518304843e+02 
       4.533851235238e-01       4.213108782879e+02 
       4.565988273101e-01       4.152447758186e+02 
       4.598125313161e-01       4.092470180013e+02 
       4.630262355371e-01       4.033187924493e+02 
       4.662399399686e-01       3.974650733674e+02 
       4.694536446064e-01       3.916922796796e+02 
       4.726673494461e-01       3.860060956139e+02 
       4.758810544837e-01       3.804120148225e+02 
       4.790947597152e-01       3.749161241979e+02 
       4.823084651368e-01       3.695315606786e+02 
       4.855221707445e-01       3.642653520572e+02 
       4.887358765348e-01       3.591296234235e+02 
       4.919495825040e-01       3.541276869214e+02 
       4.951632886487e-01       3.492602246609e+02 
       4.983769949654e-01       3.445200541883e+02 
       5.015907014508e-01       3.398960092637e+02 
       5.048044081018e-01       3.353748521817e+02 
       5.080181149151e-01       3.309539462515e+02 
       5.112318218876e-01       3.266036609254e+02 
       5.144455290164e-01       3.223469936573e+02 
       5.176592362986e-01       3.181546142559e+02 
       5.208729437313e-01       3.140207041321e+02 
       5.240866513118e-01       3.099556746976e+02 
       5.273003590372e-01       3.059458913712e+02 
       5.305140669051e-01       3.019878731593e+02 
       5.337277749127e-01       2.980840355917e+02 
       5.369414830576e-01       2.942466084735e+02 
       5.401551913374e-01       2.904636079083e+02 
       5.433688997495e-01       2.867487651232e+02 
       5.465826082918e-01       2.830974768744e+02 
       5.497963169619e-01       2.795212296279e+02 
       5.530100257575e-01       2.760144621697e+02 
       5.562237346765e-01       2.725732972014e+02 
       5.594374437167e-01       2.691967163356e+02 
       5.626511528761e-01       2.658854593184e+02 
       5.658648621527e-01       2.626383752643e+02 
       5.690785715443e-01       2.594553492293e+02 
       5.722922810492e-01       2.563333894670e+02 
       5.755059906654e-01       2.532679939925e+02 
       5.787197003910e-01       2.502538537891e+02 
       5.819334102242e-01       2.472874134278e+02 
       5.851471201632e-01       2.443647837038e+02 
       5.883608302063e-01       2.414862085109e+02 
       5.915745403519e-01       2.386521946070e+02 
       5.947882505981e-01       2.358627492439e+02 
       5.980019609435e-01       2.331167544559e+02 
       6.012156713864e-01       2.304124196197e+02 
       6.044293819252e-01       2.277475561347e+02 
       6.076430925584e-01       2.251207264989e+02 
       6.108568032846e-01       2.225326064226e+02 
       6.140705141023e-01       2.199847342400e+02 
       6.172842250099e-01       2.174787179426e+02 
       6.204979360062e-01       2.150168230249e+02 
       6.237116470898e-01       2.125978782197e+02 
       6.269253582593e-01       2.102202399660e+02 
       6.301390695134e-01       2.078806809373e+02 
       6.667540561749e-01       1.836443103542e+02 
       7.107351280455e-01       1.594229613483e+02 
       7.661003767576e-01       1.348562373837e+02 
       8.406393031317e-01       1.094188008879e+02 
       9.505981221918e-01       8.269987551065e+01 
       1.127496313035e+00       5.576135941651e+01 
       1.400595265656e+00       3.350166493116e+01 
       1.762121257978e+00       1.934989102504e+01 
       2.218365039550e+00       1.106059254765e+01 
       2.792756088276e+00       6.271721408740e+00 
       3.515871608464e+00       3.530435132414e+00 
       4.426220112501e+00       1.974134802618e+00 
       5.572280977822e+00       1.097235227210e+00 
       7.015086124637e+00       6.064990974748e-01 
       8.831470188231e+00       3.335633880183e-01 
       1.111816224347e+01       1.825932406477e-01 
       1.399693698075e+01       9.951681064061e-02 
       1.762109965235e+01       5.401821266193e-02 
       2.218365013610e+01       2.920933576840e-02 
       2.792756088269e+01       1.573592638092e-02 
       3.515871608464e+01       8.446685456215e-03 
