# dimensionless [l(l+1)/2pi] C_l's for tensor mode
# for l=2 to 500, i.e. number of multipoles equal to 499
#
# -> if you prefer output in CAMB/HealPix/LensPix units/order, set 'format' to 'camb' in input file
# -> if you don't want to see such a header, set 'headers' to 'no' in input file
# -> for CMB lensing (phi), these are C_l^phi-phi for the lensing potential.
#    Remember the conversion factors:
#    C_l^dd (deflection) = l(l+1) C_l^phi-phi
#    C_l^gg (shear/convergence) = 1/4 (l(l+1))^2 C_l^phi-phi
#
# 1:l     2:TT                     3:EE                     4:TE                     5:BB                     6:phiphi                 7:TPhi                   8:Ephi               
    2       1.569798130286e-11       5.039354388355e-16       7.646937192849e-15       7.862365175427e-16       0.000000000000e+00       0.000000000000e+00       0.000000000000e+00 
    3       1.260239131544e-11       6.670505225486e-16      -1.463532543894e-14       9.267154214278e-16       0.000000000000e+00       0.000000000000e+00       0.000000000000e+00 
    4       1.160700632319e-11       7.284732528309e-16      -2.233341558138e-14       9.302746802672e-16       0.000000000000e+00       0.000000000000e+00       0.000000000000e+00 
    5       1.124449778635e-11       6.876371946535e-16      -2.361601845381e-14       8.350548161648e-16       0.000000000000e+00       0.000000000000e+00       0.000000000000e+00 
    6       1.105593659351e-11       5.801201113109e-16      -2.202211432798e-14       6.890099326847e-16       0.000000000000e+00       0.000000000000e+00       0.000000000000e+00 
    7       1.096260045849e-11       4.473021455447e-16      -1.927834989571e-14       5.327944235133e-16       0.000000000000e+00       0.000000000000e+00       0.000000000000e+00 
    8       1.092364514956e-11       3.222947484215e-16      -1.637095431394e-14       3.932485706053e-16       0.000000000000e+00       0.000000000000e+00       0.000000000000e+00 
    9       1.091668267476e-11       2.246904098286e-16      -1.380218032849e-14       2.837243253597e-16       0.000000000000e+00       0.000000000000e+00       0.000000000000e+00 
   10       1.092793488910e-11       1.610918479770e-16      -1.177482319702e-14       2.075234869516e-16       0.000000000000e+00       0.000000000000e+00       0.000000000000e+00 
   11       1.094860068145e-11       1.290245058371e-16      -1.032301755886e-14       1.616323098551e-16       0.000000000000e+00       0.000000000000e+00       0.000000000000e+00 
   12       1.097300922121e-11       1.212516627388e-16      -9.399306192430e-15       1.401844929283e-16       0.000000000000e+00       0.000000000000e+00       0.000000000000e+00 
   13       1.099735556951e-11       1.295838347988e-16      -8.924887216560e-15       1.366348600367e-16       0.000000000000e+00       0.000000000000e+00       0.000000000000e+00 
   14       1.101899396412e-11       1.470319733148e-16      -8.818391517720e-15       1.452133237211e-16       0.000000000000e+00       0.000000000000e+00       0.000000000000e+00 
   15       1.103612656668e-11       1.688888205078e-16      -9.007456766701e-15       1.613288241576e-16       0.000000000000e+00       0.000000000000e+00       0.000000000000e+00 
   16       1.104761658395e-11       1.924501075993e-16      -9.431805803945e-15       1.818586091080e-16       0.000000000000e+00       0.000000000000e+00       0.000000000000e+00 
   17       1.105282100550e-11       2.166257106993e-16      -1.004402948764e-14       2.047920745831e-16       0.000000000000e+00       0.000000000000e+00       0.000000000000e+00 
   18       1.105074832943e-11       2.412298198363e-16      -1.080620481398e-14       2.289647003660e-16       0.000000000000e+00       0.000000000000e+00       0.000000000000e+00 
   19       1.104351149680e-11       2.663766272763e-16      -1.169760310598e-14       2.539329471368e-16       0.000000000000e+00       0.000000000000e+00       0.000000000000e+00 
   20       1.102894696298e-11       2.922811211394e-16      -1.269279161615e-14       2.794171488633e-16       0.000000000000e+00       0.000000000000e+00       0.000000000000e+00 
   21       1.100849211397e-11       3.190243420345e-16      -1.377946924532e-14       3.053574660736e-16       0.000000000000e+00       0.000000000000e+00       0.000000000000e+00 
   22       1.098171088171e-11       3.466438775583e-16      -1.494595701115e-14       3.317878550316e-16       0.000000000000e+00       0.000000000000e+00       0.000000000000e+00 
   23       1.094971257912e-11       3.750779188401e-16      -1.618405228162e-14       3.587024787101e-16       0.000000000000e+00       0.000000000000e+00       0.000000000000e+00 
   24       1.091199333651e-11       4.042296767151e-16      -1.748483679715e-14       3.860952261969e-16       0.000000000000e+00       0.000000000000e+00       0.000000000000e+00 
   25       1.086947087080e-11       4.340238310395e-16      -1.884214023113e-14       4.139454018370e-16       0.000000000000e+00       0.000000000000e+00       0.000000000000e+00 
   26       1.082194290085e-11       4.643995937842e-16      -2.024966633810e-14       4.422383342787e-16       0.000000000000e+00       0.000000000000e+00       0.000000000000e+00 
   27       1.076988126890e-11       4.953409840164e-16      -2.170225407488e-14       4.709682971302e-16       0.000000000000e+00       0.000000000000e+00       0.000000000000e+00 
   28       1.071296194843e-11       5.268570098478e-16      -2.319459691813e-14       5.001360175387e-16       0.000000000000e+00       0.000000000000e+00       0.000000000000e+00 
   29       1.065228532994e-11       5.589730489379e-16      -2.472234196652e-14       5.297207692571e-16       0.000000000000e+00       0.000000000000e+00       0.000000000000e+00 
   30       1.058808364178e-11       5.917332867583e-16      -2.628089660663e-14       5.596992621704e-16       0.000000000000e+00       0.000000000000e+00       0.000000000000e+00 
   31       1.051947260513e-11       6.251882991823e-16      -2.786532288014e-14       5.900504861850e-16       0.000000000000e+00       0.000000000000e+00       0.000000000000e+00 
   32       1.044719999656e-11       6.593460950366e-16      -2.947176784637e-14       6.207446672944e-16       0.000000000000e+00       0.000000000000e+00       0.000000000000e+00 
   33       1.037163976565e-11       6.942031513638e-16      -3.109654460553e-14       6.517504112555e-16       0.000000000000e+00       0.000000000000e+00       0.000000000000e+00 
   34       1.029240479410e-11       7.297510709419e-16      -3.273591510188e-14       6.830357986493e-16       0.000000000000e+00       0.000000000000e+00       0.000000000000e+00 
   35       1.020999059179e-11       7.659561247046e-16      -3.438663424822e-14       7.145620649021e-16       0.000000000000e+00       0.000000000000e+00       0.000000000000e+00 
   36       1.012451502087e-11       8.027716567136e-16      -3.604560832916e-14       7.462875862949e-16       0.000000000000e+00       0.000000000000e+00       0.000000000000e+00 
   37       1.003560985655e-11       8.401446728742e-16      -3.770968519939e-14       7.781713642243e-16       0.000000000000e+00       0.000000000000e+00       0.000000000000e+00 
   38       9.943878686825e-12       8.780222625948e-16      -3.937538825527e-14       8.101796734387e-16       0.000000000000e+00       0.000000000000e+00       0.000000000000e+00 
   39       9.849790904760e-12       9.163463425919e-16      -4.103910589408e-14       8.422815939306e-16       0.000000000000e+00       0.000000000000e+00       0.000000000000e+00 
   40       9.753209722822e-12       9.550512884806e-16      -4.269716833685e-14       8.744472917611e-16       0.000000000000e+00       0.000000000000e+00       0.000000000000e+00 
   41       9.653689419945e-12       9.940754332652e-16      -4.434644116210e-14       9.066448305732e-16       0.000000000000e+00       0.000000000000e+00       0.000000000000e+00 
   42       9.551637013504e-12       1.033401273767e-15      -4.598632697969e-14       9.388292471260e-16       0.000000000000e+00       0.000000000000e+00       0.000000000000e+00 
   43       9.447421237143e-12       1.073027506161e-15      -4.761742328486e-14       9.709499969607e-16       0.000000000000e+00       0.000000000000e+00       0.000000000000e+00 
   44       9.341005717969e-12       1.112958470406e-15      -4.924103422825e-14       1.002953708860e-15       0.000000000000e+00       0.000000000000e+00       0.000000000000e+00 
   45       9.232166651095e-12       1.153194820806e-15      -5.085810232563e-14       1.034787509206e-15       0.000000000000e+00       0.000000000000e+00       0.000000000000e+00 
   46       9.121315552221e-12       1.193701455025e-15      -5.246551664962e-14       1.066410595258e-15       0.000000000000e+00       0.000000000000e+00       0.000000000000e+00 
   47       9.008855974144e-12       1.234430543313e-15      -5.405877751080e-14       1.097785822225e-15       0.000000000000e+00       0.000000000000e+00       0.000000000000e+00 
   48       8.894924415546e-12       1.275330118062e-15      -5.563299534477e-14       1.128876527951e-15       0.000000000000e+00       0.000000000000e+00       0.000000000000e+00 
   49       8.779366013972e-12       1.316343839123e-15      -5.718287161394e-14       1.159646558385e-15       0.000000000000e+00       0.000000000000e+00       0.000000000000e+00 
   50       8.661916695777e-12       1.357413755239e-15      -5.870309533298e-14       1.190058838102e-15       0.000000000000e+00       0.000000000000e+00       0.000000000000e+00 
   51       8.542864306288e-12       1.398490016474e-15      -6.018970384117e-14       1.220070565356e-15       0.000000000000e+00       0.000000000000e+00       0.000000000000e+00 
   52       8.422524919760e-12       1.439523392450e-15      -6.163905838388e-14       1.249636756795e-15       0.000000000000e+00       0.000000000000e+00       0.000000000000e+00 
   53       8.301037821765e-12       1.480462415165e-15      -6.304746122138e-14       1.278711546432e-15       0.000000000000e+00       0.000000000000e+00       0.000000000000e+00 
   54       8.178350917781e-12       1.521253285311e-15      -6.441115608937e-14       1.307248142635e-15       0.000000000000e+00       0.000000000000e+00       0.000000000000e+00 
   55       8.054347226347e-12       1.561842920009e-15      -6.572667622106e-14       1.335201662525e-15       0.000000000000e+00       0.000000000000e+00       0.000000000000e+00 
   56       7.929294584118e-12       1.602189197299e-15      -6.699198860095e-14       1.362538558214e-15       0.000000000000e+00       0.000000000000e+00       0.000000000000e+00 
   57       7.803482099203e-12       1.642253092495e-15      -6.820563477489e-14       1.389229456923e-15       0.000000000000e+00       0.000000000000e+00       0.000000000000e+00 
   58       7.677079957854e-12       1.681995787797e-15      -6.936642189066e-14       1.415246556348e-15       0.000000000000e+00       0.000000000000e+00       0.000000000000e+00 
   59       7.550130329859e-12       1.721378700999e-15      -7.047343669980e-14       1.440563693765e-15       0.000000000000e+00       0.000000000000e+00       0.000000000000e+00 
   60       7.422538273939e-12       1.760363514188e-15      -7.152605955957e-14       1.465156415129e-15       0.000000000000e+00       0.000000000000e+00       0.000000000000e+00 
   61       7.294180299567e-12       1.798913254082e-15      -7.252378386211e-14       1.489002106824e-15       0.000000000000e+00       0.000000000000e+00       0.000000000000e+00 
   62       7.165279102352e-12       1.836995751499e-15      -7.346559528301e-14       1.512080269121e-15       0.000000000000e+00       0.000000000000e+00       0.000000000000e+00 
   63       7.036097186293e-12       1.874581012869e-15      -7.435047741092e-14       1.534372427005e-15       0.000000000000e+00       0.000000000000e+00       0.000000000000e+00 
   64       6.906821374413e-12       1.911640297957e-15      -7.517760169830e-14       1.555862142629e-15       0.000000000000e+00       0.000000000000e+00       0.000000000000e+00 
   65       6.777557447299e-12       1.948146181934e-15      -7.594633528970e-14       1.576535086404e-15       0.000000000000e+00       0.000000000000e+00       0.000000000000e+00 
   66       6.648324781648e-12       1.984072617441e-15      -7.665624884998e-14       1.596379108094e-15       0.000000000000e+00       0.000000000000e+00       0.000000000000e+00 
   67       6.519050988810e-12       2.019394996666e-15      -7.730712439258e-14       1.615384307900e-15       0.000000000000e+00       0.000000000000e+00       0.000000000000e+00 
   68       6.389653667691e-12       2.054089669207e-15      -7.789886042512e-14       1.633542249389e-15       0.000000000000e+00       0.000000000000e+00       0.000000000000e+00 
   69       6.260316883876e-12       2.088132243503e-15      -7.843114756912e-14       1.650843254145e-15       0.000000000000e+00       0.000000000000e+00       0.000000000000e+00 
   70       6.131261338303e-12       2.121499051152e-15      -7.890374097331e-14       1.667278684139e-15       0.000000000000e+00       0.000000000000e+00       0.000000000000e+00 
   71       6.002659132411e-12       2.154167707946e-15      -7.931656228950e-14       1.682841799645e-15       0.000000000000e+00       0.000000000000e+00       0.000000000000e+00 
   72       5.874630634669e-12       2.186117162026e-15      -7.966970487474e-14       1.697527808393e-15       0.000000000000e+00       0.000000000000e+00       0.000000000000e+00 
   73       5.747241347110e-12       2.217327742029e-15      -7.996343899336e-14       1.711333914706e-15       0.000000000000e+00       0.000000000000e+00       0.000000000000e+00 
   74       5.620498771863e-12       2.247781205242e-15      -8.019821701908e-14       1.724259368643e-15       0.000000000000e+00       0.000000000000e+00       0.000000000000e+00 
   75       5.494349277683e-12       2.277460785753e-15      -8.037467863712e-14       1.736305515144e-15       0.000000000000e+00       0.000000000000e+00       0.000000000000e+00 
   76       5.368736189765e-12       2.306349576891e-15      -8.049354160799e-14       1.747473842757e-15       0.000000000000e+00       0.000000000000e+00       0.000000000000e+00 
   77       5.243793215222e-12       2.334425231566e-15      -8.055523956219e-14       1.757759610395e-15       0.000000000000e+00       0.000000000000e+00       0.000000000000e+00 
   78       5.119680760668e-12       2.361664378506e-15      -8.056022729995e-14       1.767157142270e-15       0.000000000000e+00       0.000000000000e+00       0.000000000000e+00 
   79       4.996525990415e-12       2.388044215993e-15      -8.050909217922e-14       1.775661733197e-15       0.000000000000e+00       0.000000000000e+00       0.000000000000e+00 
   80       4.874420948433e-12       2.413542525866e-15      -8.040255697112e-14       1.783269656716e-15       0.000000000000e+00       0.000000000000e+00       0.000000000000e+00 
   81       4.753420680319e-12       2.438137687511e-15      -8.024148271541e-14       1.789978173212e-15       0.000000000000e+00       0.000000000000e+00       0.000000000000e+00 
   82       4.633541355260e-12       2.461808691856e-15      -8.002687157590e-14       1.795785538039e-15       0.000000000000e+00       0.000000000000e+00       0.000000000000e+00 
   83       4.514758387998e-12       2.484535155365e-15      -7.975986969594e-14       1.800691009645e-15       0.000000000000e+00       0.000000000000e+00       0.000000000000e+00 
   84       4.397045920170e-12       2.506298238354e-15      -7.944167373522e-14       1.804695480916e-15       0.000000000000e+00       0.000000000000e+00       0.000000000000e+00 
   85       4.280506898392e-12       2.527083544191e-15      -7.907322642299e-14       1.807803475684e-15       0.000000000000e+00       0.000000000000e+00       0.000000000000e+00 
   86       4.165261217339e-12       2.546878728612e-15      -7.865547553466e-14       1.810021499632e-15       0.000000000000e+00       0.000000000000e+00       0.000000000000e+00 
   87       4.051405112198e-12       2.565672666901e-15      -7.818946694143e-14       1.811357464816e-15       0.000000000000e+00       0.000000000000e+00       0.000000000000e+00 
   88       3.939009975740e-12       2.583455483081e-15      -7.767634584690e-14       1.811820708264e-15       0.000000000000e+00       0.000000000000e+00       0.000000000000e+00 
   89       3.828121175406e-12       2.600218579111e-15      -7.711735802378e-14       1.811422010571e-15       0.000000000000e+00       0.000000000000e+00       0.000000000000e+00 
   90       3.718756870383e-12       2.615954664075e-15      -7.651385105048e-14       1.810173614497e-15       0.000000000000e+00       0.000000000000e+00       0.000000000000e+00 
   91       3.610906828687e-12       2.630657783378e-15      -7.586727554777e-14       1.808089243563e-15       0.000000000000e+00       0.000000000000e+00       0.000000000000e+00 
   92       3.504531244246e-12       2.644323347937e-15      -7.517918641545e-14       1.805184120650e-15       0.000000000000e+00       0.000000000000e+00       0.000000000000e+00 
   93       3.399594095789e-12       2.656947397000e-15      -7.445114831821e-14       1.801473825688e-15       0.000000000000e+00       0.000000000000e+00       0.000000000000e+00 
   94       3.296171532059e-12       2.668524196344e-15      -7.368443319666e-14       1.796970631814e-15       0.000000000000e+00       0.000000000000e+00       0.000000000000e+00 
   95       3.194357676497e-12       2.679048331140e-15      -7.288027933673e-14       1.791686649994e-15       0.000000000000e+00       0.000000000000e+00       0.000000000000e+00 
   96       3.094230838617e-12       2.688515458568e-15      -7.203998299006e-14       1.785634943452e-15       0.000000000000e+00       0.000000000000e+00       0.000000000000e+00 
   97       2.995852805240e-12       2.696922326488e-15      -7.116489829637e-14       1.778829530332e-15       0.000000000000e+00       0.000000000000e+00       0.000000000000e+00 
   98       2.899268131721e-12       2.704266792115e-15      -7.025643720567e-14       1.771285386361e-15       0.000000000000e+00       0.000000000000e+00       0.000000000000e+00 
   99       2.804503433183e-12       2.710547840690e-15      -6.931606940064e-14       1.763018447509e-15       0.000000000000e+00       0.000000000000e+00       0.000000000000e+00 
  100       2.711566675743e-12       2.715765604158e-15      -6.834532221884e-14       1.754045612649e-15       0.000000000000e+00       0.000000000000e+00       0.000000000000e+00 
  101       2.620446467746e-12       2.719921379837e-15      -6.734578057506e-14       1.744384746220e-15       0.000000000000e+00       0.000000000000e+00       0.000000000000e+00 
  102       2.531111350992e-12       2.723017649092e-15      -6.631908688357e-14       1.734054680889e-15       0.000000000000e+00       0.000000000000e+00       0.000000000000e+00 
  103       2.443509091970e-12       2.725058096010e-15      -6.526694098044e-14       1.723075220208e-15       0.000000000000e+00       0.000000000000e+00       0.000000000000e+00 
  104       2.357592790308e-12       2.726047208257e-15      -6.419102349159e-14       1.711466418203e-15       0.000000000000e+00       0.000000000000e+00       0.000000000000e+00 
  105       2.273404747396e-12       2.725988978026e-15      -6.309275431466e-14       1.699246301556e-15       0.000000000000e+00       0.000000000000e+00       0.000000000000e+00 
  106       2.191002658585e-12       2.724888059604e-15      -6.197350121483e-14       1.686432843248e-15       0.000000000000e+00       0.000000000000e+00       0.000000000000e+00 
  107       2.110433398586e-12       2.722750185422e-15      -6.083465255773e-14       1.673044652941e-15       0.000000000000e+00       0.000000000000e+00       0.000000000000e+00 
  108       2.031732607396e-12       2.719582180147e-15      -5.967761639050e-14       1.659100971692e-15       0.000000000000e+00       0.000000000000e+00       0.000000000000e+00 
  109       1.954924276221e-12       2.715391974753e-15      -5.850381952282e-14       1.644621666672e-15       0.000000000000e+00       0.000000000000e+00       0.000000000000e+00 
  110       1.880020333407e-12       2.710188620612e-15      -5.731470660793e-14       1.629627225875e-15       0.000000000000e+00       0.000000000000e+00       0.000000000000e+00 
  111       1.807020230356e-12       2.703982303571e-15      -5.611173922370e-14       1.614138752840e-15       0.000000000000e+00       0.000000000000e+00       0.000000000000e+00 
  112       1.735910527458e-12       2.696784358033e-15      -5.489639495364e-14       1.598177961361e-15       0.000000000000e+00       0.000000000000e+00       0.000000000000e+00 
  113       1.666664480016e-12       2.688607281045e-15      -5.367016646794e-14       1.581767170207e-15       0.000000000000e+00       0.000000000000e+00       0.000000000000e+00 
  114       1.599241624166e-12       2.679464746372e-15      -5.243456060451e-14       1.564929297832e-15       0.000000000000e+00       0.000000000000e+00       0.000000000000e+00 
  115       1.533587362806e-12       2.669371618585e-15      -5.119109745003e-14       1.547687857095e-15       0.000000000000e+00       0.000000000000e+00       0.000000000000e+00 
  116       1.469651824005e-12       2.658343222523e-15      -4.994126353279e-14       1.530066180678e-15       0.000000000000e+00       0.000000000000e+00       0.000000000000e+00 
  117       1.407449922649e-12       2.646393020813e-15      -4.868636690993e-14       1.512085001803e-15       0.000000000000e+00       0.000000000000e+00       0.000000000000e+00 
  118       1.347007857580e-12       2.633534679112e-15      -4.742766265387e-14       1.493764568083e-15       0.000000000000e+00       0.000000000000e+00       0.000000000000e+00 
  119       1.288344251482e-12       2.619782792874e-15      -4.616639585372e-14       1.475125372541e-15       0.000000000000e+00       0.000000000000e+00       0.000000000000e+00 
  120       1.231469907214e-12       2.605152894845e-15      -4.490380029054e-14       1.456188141529e-15       0.000000000000e+00       0.000000000000e+00       0.000000000000e+00 
  121       1.176387564133e-12       2.589661462567e-15      -4.364109711270e-14       1.436973822638e-15       0.000000000000e+00       0.000000000000e+00       0.000000000000e+00 
  122       1.123091654424e-12       2.573325925870e-15      -4.237949351117e-14       1.417503572611e-15       0.000000000000e+00       0.000000000000e+00       0.000000000000e+00 
  123       1.071568059427e-12       2.556164674377e-15      -4.112018139481e-14       1.397798745258e-15       0.000000000000e+00       0.000000000000e+00       0.000000000000e+00 
  124       1.021793865961e-12       2.538197064995e-15      -3.986433606566e-14       1.377880879370e-15       0.000000000000e+00       0.000000000000e+00       0.000000000000e+00 
  125       9.737371226567e-13       2.519443429419e-15      -3.861311489432e-14       1.357771686630e-15       0.000000000000e+00       0.000000000000e+00       0.000000000000e+00 
  126       9.273565962778e-13       2.499925081627e-15      -3.736765599516e-14       1.337493039528e-15       0.000000000000e+00       0.000000000000e+00       0.000000000000e+00 
  127       8.826015280529e-13       2.479664325380e-15      -3.612907690169e-14       1.317066959274e-15       0.000000000000e+00       0.000000000000e+00       0.000000000000e+00 
  128       8.394113900006e-13       2.458684461719e-15      -3.489847324185e-14       1.296515603713e-15       0.000000000000e+00       0.000000000000e+00       0.000000000000e+00 
  129       7.977306940200e-13       2.437008888597e-15      -3.367690697859e-14       1.275860686190e-15       0.000000000000e+00       0.000000000000e+00       0.000000000000e+00 
  130       7.575557735159e-13       2.414658272181e-15      -3.246537248694e-14       1.255121685749e-15       0.000000000000e+00       0.000000000000e+00       0.000000000000e+00 
  131       7.188926971742e-13       2.391653077964e-15      -3.126482423481e-14       1.234317416836e-15       0.000000000000e+00       0.000000000000e+00       0.000000000000e+00 
  132       6.817425416051e-13       2.368014451808e-15      -3.007618549856e-14       1.213466564747e-15       0.000000000000e+00       0.000000000000e+00       0.000000000000e+00 
  133       6.461012553826e-13       2.343764220944e-15      -2.890034696364e-14       1.192587669466e-15       0.000000000000e+00       0.000000000000e+00       0.000000000000e+00 
  134       6.119595230832e-13       2.318924894974e-15      -2.773816532521e-14       1.171699109512e-15       0.000000000000e+00       0.000000000000e+00       0.000000000000e+00 
  135       5.793026293259e-13       2.293519666876e-15      -2.659046188876e-14       1.150819085776e-15       0.000000000000e+00       0.000000000000e+00       0.000000000000e+00 
  136       5.481103228112e-13       2.267572414000e-15      -2.545802117079e-14       1.129965605364e-15       0.000000000000e+00       0.000000000000e+00       0.000000000000e+00 
  137       5.183566803603e-13       2.241107699075e-15      -2.434158949942e-14       1.109156465439e-15       0.000000000000e+00       0.000000000000e+00       0.000000000000e+00 
  138       4.900099709547e-13       2.214150771210e-15      -2.324187361506e-14       1.088409237062e-15       0.000000000000e+00       0.000000000000e+00       0.000000000000e+00 
  139       4.630325197752e-13       2.186727566893e-15      -2.215953927100e-14       1.067741249034e-15       0.000000000000e+00       0.000000000000e+00       0.000000000000e+00 
  140       4.373805722415e-13       2.158864710996e-15      -2.109520983408e-14       1.047169571737e-15       0.000000000000e+00       0.000000000000e+00       0.000000000000e+00 
  141       4.130041580513e-13       2.130589517775e-15      -2.004946488533e-14       1.026711000977e-15       0.000000000000e+00       0.000000000000e+00       0.000000000000e+00 
  142       3.898469552197e-13       2.101929991872e-15      -1.902283882060e-14       1.006382041824e-15       0.000000000000e+00       0.000000000000e+00       0.000000000000e+00 
  143       3.678461541186e-13       2.072914829320e-15      -1.801581945120e-14       9.861988924518e-16       0.000000000000e+00       0.000000000000e+00       0.000000000000e+00 
  144       3.469442479026e-13       2.043572271701e-15      -1.702887508797e-14       9.661772147353e-16       0.000000000000e+00       0.000000000000e+00       0.000000000000e+00 
  145       3.271260008632e-13       2.013926539220e-15      -1.606254175707e-14       9.463314546435e-16       0.000000000000e+00       0.000000000000e+00       0.000000000000e+00 
  146       3.083848831715e-13       1.984001046248e-15      -1.511734196238e-14       9.266754238155e-16       0.000000000000e+00       0.000000000000e+00       0.000000000000e+00 
  147       2.907114049340e-13       1.953819511047e-15      -1.419375574949e-14       9.072224895638e-16       0.000000000000e+00       0.000000000000e+00       0.000000000000e+00 
  148       2.740930487747e-13       1.923405950179e-15      -1.329221946996e-14       8.879855574897e-16       0.000000000000e+00       0.000000000000e+00       0.000000000000e+00 
  149       2.585142024167e-13       1.892784672916e-15      -1.241312454571e-14       8.689770541002e-16       0.000000000000e+00       0.000000000000e+00       0.000000000000e+00 
  150       2.439560912644e-13       1.861980275652e-15      -1.155681623334e-14       8.502089094231e-16       0.000000000000e+00       0.000000000000e+00       0.000000000000e+00 
  151       2.303967109846e-13       1.831017636316e-15      -1.072359238846e-14       8.316925396235e-16       0.000000000000e+00       0.000000000000e+00       0.000000000000e+00 
  152       2.178107600886e-13       1.799921908778e-15      -9.913702230037e-15       8.134388296197e-16       0.000000000000e+00       0.000000000000e+00       0.000000000000e+00 
  153       2.061695725143e-13       1.768718517263e-15      -9.127345104723e-15       7.954581156991e-16       0.000000000000e+00       0.000000000000e+00       0.000000000000e+00 
  154       1.954410502072e-13       1.737433150762e-15      -8.364669251198e-15       7.777601681341e-16       0.000000000000e+00       0.000000000000e+00       0.000000000000e+00 
  155       1.855895957029e-13       1.706091757442e-15      -7.625770564502e-15       7.603541737984e-16       0.000000000000e+00       0.000000000000e+00       0.000000000000e+00 
  156       1.765760447083e-13       1.674720539055e-15      -6.910691360374e-15       7.432487187826e-16       0.000000000000e+00       0.000000000000e+00       0.000000000000e+00 
  157       1.683575986839e-13       1.643345945354e-15      -6.219419139587e-15       7.264517710106e-16       0.000000000000e+00       0.000000000000e+00       0.000000000000e+00 
  158       1.608877574251e-13       1.611994668498e-15      -5.551885352285e-15       7.099706628553e-16       0.000000000000e+00       0.000000000000e+00       0.000000000000e+00 
  159       1.541162516441e-13       1.580693637466e-15      -4.907964162320e-15       6.938120737546e-16       0.000000000000e+00       0.000000000000e+00       0.000000000000e+00 
  160       1.479889755519e-13       1.549470012468e-15      -4.287471211585e-15       6.779820128274e-16       0.000000000000e+00       0.000000000000e+00       0.000000000000e+00 
  161       1.424566073659e-13       1.518350038356e-15      -3.690235149932e-15       6.624862181048e-16       0.000000000000e+00       0.000000000000e+00       0.000000000000e+00 
  162       1.375014690670e-13       1.487355502647e-15      -3.116321927586e-15       6.473314303939e-16       0.000000000000e+00       0.000000000000e+00       0.000000000000e+00 
  163       1.331129241337e-13       1.456506952137e-15      -2.565828068299e-15       6.325241993659e-16       0.000000000000e+00       0.000000000000e+00       0.000000000000e+00 
  164       1.292788760202e-13       1.425824794970e-15      -2.038808793996e-15       6.180704617288e-16       0.000000000000e+00       0.000000000000e+00       0.000000000000e+00 
  165       1.259857407102e-13       1.395329289803e-15      -1.535277123897e-15       6.039755257599e-16       0.000000000000e+00       0.000000000000e+00       0.000000000000e+00 
  166       1.232184192710e-13       1.365040534967e-15      -1.055202973638e-15       5.902440558391e-16       0.000000000000e+00       0.000000000000e+00       0.000000000000e+00 
  167       1.209602704068e-13       1.334978457625e-15      -5.985122543929e-16       5.768800569810e-16       0.000000000000e+00       0.000000000000e+00       0.000000000000e+00 
  168       1.191930830129e-13       1.305162802938e-15      -1.650859719970e-16       5.638868593684e-16       0.000000000000e+00       0.000000000000e+00       0.000000000000e+00 
  169       1.178970487295e-13       1.275613123223e-15       2.452406739337e-16       5.512671028844e-16       0.000000000000e+00       0.000000000000e+00       0.000000000000e+00 
  170       1.170507344955e-13       1.246348767114e-15       6.326791908796e-16       5.390227216458e-16       0.000000000000e+00       0.000000000000e+00       0.000000000000e+00 
  171       1.166310551022e-13       1.217388868727e-15       9.974886942960e-16       5.271549285354e-16       0.000000000000e+00       0.000000000000e+00       0.000000000000e+00 
  172       1.166132457470e-13       1.188752336816e-15       1.339976808492e-15       5.156641997349e-16       0.000000000000e+00       0.000000000000e+00       0.000000000000e+00 
  173       1.169708345878e-13       1.160457843939e-15       1.660500567506e-15       5.045502592579e-16       0.000000000000e+00       0.000000000000e+00       0.000000000000e+00 
  174       1.176756152961e-13       1.132523815615e-15       1.959467315991e-15       4.938120634825e-16       0.000000000000e+00       0.000000000000e+00       0.000000000000e+00 
  175       1.186976196113e-13       1.104968419488e-15       2.237335610082e-15       4.834477856840e-16       0.000000000000e+00       0.000000000000e+00       0.000000000000e+00 
  176       1.200050898944e-13       1.077809554490e-15       2.494616118287e-15       4.734548005680e-16       0.000000000000e+00       0.000000000000e+00       0.000000000000e+00 
  177       1.215644516817e-13       1.051064839996e-15       2.731872522353e-15       4.638296688027e-16       0.000000000000e+00       0.000000000000e+00       0.000000000000e+00 
  178       1.233402862388e-13       1.024751604991e-15       2.949722418154e-15       4.545681215521e-16       0.000000000000e+00       0.000000000000e+00       0.000000000000e+00 
  179       1.252953031143e-13       9.988868772298e-16       3.148838216563e-15       4.456650450086e-16       0.000000000000e+00       0.000000000000e+00       0.000000000000e+00 
  180       1.273958988634e-13       9.734866935529e-16       3.329847103159e-15       4.371156406532e-16       0.000000000000e+00       0.000000000000e+00       0.000000000000e+00 
  181       1.296293846602e-13       9.485639921745e-16       3.493020143017e-15       4.289190414798e-16       0.000000000000e+00       0.000000000000e+00       0.000000000000e+00 
  182       1.319880785600e-13       9.241305316525e-16       3.638560135859e-15       4.210749541849e-16       0.000000000000e+00       0.000000000000e+00       0.000000000000e+00 
  183       1.344638355672e-13       9.001975414341e-16       3.766700861766e-15       4.135824982149e-16       0.000000000000e+00       0.000000000000e+00       0.000000000000e+00 
  184       1.370480407639e-13       8.767757085157e-16       3.877707610268e-15       4.064401946288e-16       0.000000000000e+00       0.000000000000e+00       0.000000000000e+00 
  185       1.397316024394e-13       8.538751641043e-16       3.971877709429e-15       3.996459549618e-16       0.000000000000e+00       0.000000000000e+00       0.000000000000e+00 
  186       1.425049452189e-13       8.315054702783e-16       4.049541054938e-15       3.931970700884e-16       0.000000000000e+00       0.000000000000e+00       0.000000000000e+00 
  187       1.453580031927e-13       8.096756066484e-16       4.111060639194e-15       3.870901990856e-16       0.000000000000e+00       0.000000000000e+00       0.000000000000e+00 
  188       1.482802130450e-13       7.883939570186e-16       4.156833080396e-15       3.813213580964e-16       0.000000000000e+00       0.000000000000e+00       0.000000000000e+00 
  189       1.512605071833e-13       7.676682960469e-16       4.187289151625e-15       3.758859091930e-16       0.000000000000e+00       0.000000000000e+00       0.000000000000e+00 
  190       1.542873068672e-13       7.475057759062e-16       4.202894309941e-15       3.707785492400e-16       0.000000000000e+00       0.000000000000e+00       0.000000000000e+00 
  191       1.573485153373e-13       7.279129129455e-16       4.204149225462e-15       3.659932987574e-16       0.000000000000e+00       0.000000000000e+00       0.000000000000e+00 
  192       1.604315109446e-13       7.088955743503e-16       4.191590310455e-15       3.615234907847e-16       0.000000000000e+00       0.000000000000e+00       0.000000000000e+00 
  193       1.635231402792e-13       6.904589648041e-16       4.165790248425e-15       3.573617597430e-16       0.000000000000e+00       0.000000000000e+00       0.000000000000e+00 
  194       1.666097112996e-13       6.726076131488e-16       4.127358523200e-15       3.535000302995e-16       0.000000000000e+00       0.000000000000e+00       0.000000000000e+00 
  195       1.696769864613e-13       6.553453590457e-16       4.076941948021e-15       3.499295062296e-16       0.000000000000e+00       0.000000000000e+00       0.000000000000e+00 
  196       1.727101758464e-13       6.386753396368e-16       4.015225194626e-15       3.466406592812e-16       0.000000000000e+00       0.000000000000e+00       0.000000000000e+00 
  197       1.756939302923e-13       6.225999762050e-16       3.942931322341e-15       3.436232180372e-16       0.000000000000e+00       0.000000000000e+00       0.000000000000e+00 
  198       1.786123345207e-13       6.071209608355e-16       3.860822307169e-15       3.408661567791e-16       0.000000000000e+00       0.000000000000e+00       0.000000000000e+00 
  199       1.814489002668e-13       5.922392430767e-16       3.769699570870e-15       3.383576843503e-16       0.000000000000e+00       0.000000000000e+00       0.000000000000e+00 
  200       1.841865594081e-13       5.779550166009e-16       3.670404510059e-15       3.360852330193e-16       0.000000000000e+00       0.000000000000e+00       0.000000000000e+00 
  201       1.868103680542e-13       5.642680943339e-16       3.563707978191e-15       3.340371948105e-16       0.000000000000e+00       0.000000000000e+00       0.000000000000e+00 
  202       1.893158483548e-13       5.511790914455e-16       3.449968833802e-15       3.322082918717e-16       0.000000000000e+00       0.000000000000e+00       0.000000000000e+00 
  203       1.917012299992e-13       5.386883012358e-16       3.329451993937e-15       3.305945686876e-16       0.000000000000e+00       0.000000000000e+00       0.000000000000e+00 
  204       1.939647939459e-13       5.267953021481e-16       3.202437488650e-15       3.291916731571e-16       0.000000000000e+00       0.000000000000e+00       0.000000000000e+00 
  205       1.961048735643e-13       5.154989455785e-16       3.069220661893e-15       3.279948506217e-16       0.000000000000e+00       0.000000000000e+00       0.000000000000e+00 
  206       1.981198557755e-13       5.047973436849e-16       2.930112372392e-15       3.269989378929e-16       0.000000000000e+00       0.000000000000e+00       0.000000000000e+00 
  207       2.000081821943e-13       4.946878571958e-16       2.785439194544e-15       3.261983572804e-16       0.000000000000e+00       0.000000000000e+00       0.000000000000e+00 
  208       2.017683502696e-13       4.851670832192e-16       2.635543619294e-15       3.255871106205e-16       0.000000000000e+00       0.000000000000e+00       0.000000000000e+00 
  209       2.033989144268e-13       4.762308430520e-16       2.480784255028e-15       3.251587733030e-16       0.000000000000e+00       0.000000000000e+00       0.000000000000e+00 
  210       2.048984872082e-13       4.678741699889e-16       2.321536028450e-15       3.249064883001e-16       0.000000000000e+00       0.000000000000e+00       0.000000000000e+00 
  211       2.062657404150e-13       4.600912971313e-16       2.158190385479e-15       3.248229601939e-16       0.000000000000e+00       0.000000000000e+00       0.000000000000e+00 
  212       2.074994062482e-13       4.528756451964e-16       1.991155492123e-15       3.249004492045e-16       0.000000000000e+00       0.000000000000e+00       0.000000000000e+00 
  213       2.085982784501e-13       4.462198103262e-16       1.820856435374e-15       3.251307652177e-16       0.000000000000e+00       0.000000000000e+00       0.000000000000e+00 
  214       2.095612134456e-13       4.401155518967e-16       1.647735424088e-15       3.255052618133e-16       0.000000000000e+00       0.000000000000e+00       0.000000000000e+00 
  215       2.103871314836e-13       4.345537803265e-16       1.472251989875e-15       3.260148302927e-16       0.000000000000e+00       0.000000000000e+00       0.000000000000e+00 
  216       2.110750177781e-13       4.295245448864e-16       1.294883187981e-15       3.266498937071e-16       0.000000000000e+00       0.000000000000e+00       0.000000000000e+00 
  217       2.116239236498e-13       4.250170215079e-16       1.116123798177e-15       3.274004008853e-16       0.000000000000e+00       0.000000000000e+00       0.000000000000e+00 
  218       2.120329676674e-13       4.210195005925e-16       9.364865256403e-16       3.282558204617e-16       0.000000000000e+00       0.000000000000e+00       0.000000000000e+00 
  219       2.123013367888e-13       4.175193748209e-16       7.565022018461e-16       3.292051349042e-16       0.000000000000e+00       0.000000000000e+00       0.000000000000e+00 
  220       2.124282875023e-13       4.145031269614e-16       5.767199854491e-16       3.302368345421e-16       0.000000000000e+00       0.000000000000e+00       0.000000000000e+00 
  221       2.124131469682e-13       4.119563176796e-16       3.977075631703e-16       3.313389115942e-16       0.000000000000e+00       0.000000000000e+00       0.000000000000e+00 
  222       2.122553141602e-13       4.098635733471e-16       2.200513506834e-16       3.324988541966e-16       0.000000000000e+00       0.000000000000e+00       0.000000000000e+00 
  223       2.119542610063e-13       4.082085738505e-16       4.435669349974e-17       3.337036404308e-16       0.000000000000e+00       0.000000000000e+00       0.000000000000e+00 
  224       2.115099523941e-13       4.069759080322e-16      -1.288369125373e-16       3.349415552887e-16       0.000000000000e+00       0.000000000000e+00       0.000000000000e+00 
  225       2.109241338214e-13       4.061567977964e-16      -2.993166315697e-16       3.362077837227e-16       0.000000000000e+00       0.000000000000e+00       0.000000000000e+00 
  226       2.101991287537e-13       4.057437184782e-16      -4.669518592637e-16       3.374991656819e-16       0.000000000000e+00       0.000000000000e+00       0.000000000000e+00 
  227       2.093374293290e-13       4.057285565961e-16      -6.316107512560e-16       3.388124038780e-16       0.000000000000e+00       0.000000000000e+00       0.000000000000e+00 
  228       2.083416984967e-13       4.061026021080e-16      -7.931602246030e-16       3.401440621542e-16       0.000000000000e+00       0.000000000000e+00       0.000000000000e+00 
  229       2.072147721556e-13       4.068565406664e-16      -9.514659592289e-16       3.414905638533e-16       0.000000000000e+00       0.000000000000e+00       0.000000000000e+00 
  230       2.059596612932e-13       4.079804458746e-16      -1.106392399374e-15       3.428481901854e-16       0.000000000000e+00       0.000000000000e+00       0.000000000000e+00 
  231       2.045795541240e-13       4.094637715425e-16      -1.257802755045e-15       3.442130785971e-16       0.000000000000e+00       0.000000000000e+00       0.000000000000e+00 
  232       2.030778182282e-13       4.112953439418e-16      -1.405559003460e-15       3.455812211391e-16       0.000000000000e+00       0.000000000000e+00       0.000000000000e+00 
  233       2.014580026902e-13       4.134633540627e-16      -1.549521890500e-15       3.469484628346e-16       0.000000000000e+00       0.000000000000e+00       0.000000000000e+00 
  234       1.997238402374e-13       4.159553498688e-16      -1.689550932157e-15       3.483105000477e-16       0.000000000000e+00       0.000000000000e+00       0.000000000000e+00 
  235       1.978792493785e-13       4.187582285533e-16      -1.825504415980e-15       3.496628788516e-16       0.000000000000e+00       0.000000000000e+00       0.000000000000e+00 
  236       1.959283365427e-13       4.218582287948e-16      -1.957239402529e-15       3.510009933970e-16       0.000000000000e+00       0.000000000000e+00       0.000000000000e+00 
  237       1.938753982178e-13       4.252409230127e-16      -2.084611726816e-15       3.523200842801e-16       0.000000000000e+00       0.000000000000e+00       0.000000000000e+00 
  238       1.917249230889e-13       4.288912096234e-16      -2.207475999760e-15       3.536152369109e-16       0.000000000000e+00       0.000000000000e+00       0.000000000000e+00 
  239       1.894815941772e-13       4.327933052959e-16      -2.325685609632e-15       3.548813798818e-16       0.000000000000e+00       0.000000000000e+00       0.000000000000e+00 
  240       1.871502909787e-13       4.369307372075e-16      -2.439092723505e-15       3.561132833357e-16       0.000000000000e+00       0.000000000000e+00       0.000000000000e+00 
  241       1.847360916025e-13       4.412863352995e-16      -2.547548288702e-15       3.573055573339e-16       0.000000000000e+00       0.000000000000e+00       0.000000000000e+00 
  242       1.822442749095e-13       4.458422245332e-16      -2.650902034243e-15       3.584526502249e-16       0.000000000000e+00       0.000000000000e+00       0.000000000000e+00 
  243       1.796803226514e-13       4.505798171457e-16      -2.749002472298e-15       3.595488470125e-16       0.000000000000e+00       0.000000000000e+00       0.000000000000e+00 
  244       1.770499216086e-13       4.554798049051e-16      -2.841696899630e-15       3.605882677241e-16       0.000000000000e+00       0.000000000000e+00       0.000000000000e+00 
  245       1.743589657297e-13       4.605221513671e-16      -2.928831399046e-15       3.615648657785e-16       0.000000000000e+00       0.000000000000e+00       0.000000000000e+00 
  246       1.716135582693e-13       4.656860841301e-16      -3.010250840848e-15       3.624724263550e-16       0.000000000000e+00       0.000000000000e+00       0.000000000000e+00 
  247       1.688200139273e-13       4.709500870913e-16      -3.085798884276e-15       3.633045647610e-16       0.000000000000e+00       0.000000000000e+00       0.000000000000e+00 
  248       1.659848609871e-13       4.762918927024e-16      -3.155317978961e-15       3.640547248006e-16       0.000000000000e+00       0.000000000000e+00       0.000000000000e+00 
  249       1.631148434541e-13       4.816884742252e-16      -3.218649366372e-15       3.647161771427e-16       0.000000000000e+00       0.000000000000e+00       0.000000000000e+00 
  250       1.602161301811e-13       4.871189846793e-16      -3.275667683118e-15       3.652831926669e-16       0.000000000000e+00       0.000000000000e+00       0.000000000000e+00 
  251       1.572918872114e-13       4.925737777604e-16      -3.326386982471e-15       3.657546409626e-16       0.000000000000e+00       0.000000000000e+00       0.000000000000e+00 
  252       1.543445694597e-13       4.980458925868e-16      -3.370860835441e-15       3.661305963736e-16       0.000000000000e+00       0.000000000000e+00       0.000000000000e+00 
  253       1.513767017356e-13       5.035281517641e-16      -3.409148346867e-15       3.664111823230e-16       0.000000000000e+00       0.000000000000e+00       0.000000000000e+00 
  254       1.483908793658e-13       5.090131592761e-16      -3.441314223034e-15       3.665965719286e-16       0.000000000000e+00       0.000000000000e+00       0.000000000000e+00 
  255       1.453897688161e-13       5.144932983754e-16      -3.467428839291e-15       3.666869886178e-16       0.000000000000e+00       0.000000000000e+00       0.000000000000e+00 
  256       1.423761083134e-13       5.199607294746e-16      -3.487568307676e-15       3.666827067436e-16       0.000000000000e+00       0.000000000000e+00       0.000000000000e+00 
  257       1.393527084681e-13       5.254073880370e-16      -3.501814544526e-15       3.665840521988e-16       0.000000000000e+00       0.000000000000e+00       0.000000000000e+00 
  258       1.363224528959e-13       5.308249824675e-16      -3.510255338108e-15       3.663914030321e-16       0.000000000000e+00       0.000000000000e+00       0.000000000000e+00 
  259       1.332882988401e-13       5.362049920034e-16      -3.512984416227e-15       3.661051900629e-16       0.000000000000e+00       0.000000000000e+00       0.000000000000e+00 
  260       1.302532777937e-13       5.415386646056e-16      -3.510101513853e-15       3.657258974968e-16       0.000000000000e+00       0.000000000000e+00       0.000000000000e+00 
  261       1.272204961213e-13       5.468170148490e-16      -3.501712440739e-15       3.652540635404e-16       0.000000000000e+00       0.000000000000e+00       0.000000000000e+00 
  262       1.241931356813e-13       5.520308218137e-16      -3.487929149038e-15       3.646902810171e-16       0.000000000000e+00       0.000000000000e+00       0.000000000000e+00 
  263       1.211744544482e-13       5.571706269758e-16      -3.468869800923e-15       3.640351979818e-16       0.000000000000e+00       0.000000000000e+00       0.000000000000e+00 
  264       1.181677871346e-13       5.622267320981e-16      -3.444658836210e-15       3.632895183367e-16       0.000000000000e+00       0.000000000000e+00       0.000000000000e+00 
  265       1.151765458128e-13       5.671891971214e-16      -3.415427039971e-15       3.624540024461e-16       0.000000000000e+00       0.000000000000e+00       0.000000000000e+00 
  266       1.122042205379e-13       5.720478380550e-16      -3.381311610160e-15       3.615294677516e-16       0.000000000000e+00       0.000000000000e+00       0.000000000000e+00 
  267       1.092543799689e-13       5.767922248674e-16      -3.342456225228e-15       3.605167893879e-16       0.000000000000e+00       0.000000000000e+00       0.000000000000e+00 
  268       1.063306719915e-13       5.814116793779e-16      -3.299011111744e-15       3.594169007973e-16       0.000000000000e+00       0.000000000000e+00       0.000000000000e+00 
  269       1.034368243399e-13       5.858952731466e-16      -3.251133112013e-15       3.582307943456e-16       0.000000000000e+00       0.000000000000e+00       0.000000000000e+00 
  270       1.005766452188e-13       5.902318253661e-16      -3.198985751697e-15       3.569595219366e-16       0.000000000000e+00       0.000000000000e+00       0.000000000000e+00 
  271       9.775402392583e-14       5.944099007516e-16      -3.142739307436e-15       3.556041956283e-16       0.000000000000e+00       0.000000000000e+00       0.000000000000e+00 
  272       9.497293147339e-14       5.984178074325e-16      -3.082570874461e-15       3.541659882472e-16       0.000000000000e+00       0.000000000000e+00       0.000000000000e+00 
  273       9.223742121081e-14       6.022435948426e-16      -3.018664434222e-15       3.526461340041e-16       0.000000000000e+00       0.000000000000e+00       0.000000000000e+00 
  274       8.955162944650e-14       6.058750516115e-16      -2.951210922000e-15       3.510459291092e-16       0.000000000000e+00       0.000000000000e+00       0.000000000000e+00 
  275       8.691977607000e-14       6.092997034551e-16      -2.880408294531e-15       3.493667323873e-16       0.000000000000e+00       0.000000000000e+00       0.000000000000e+00 
  276       8.434616517412e-14       6.125048110668e-16      -2.806461597621e-15       3.476099658930e-16       0.000000000000e+00       0.000000000000e+00       0.000000000000e+00 
  277       8.183518567702e-14       6.154773680082e-16      -2.729583033773e-15       3.457771155261e-16       0.000000000000e+00       0.000000000000e+00       0.000000000000e+00 
  278       7.939131194432e-14       6.182040985999e-16      -2.649992029796e-15       3.438697316468e-16       0.000000000000e+00       0.000000000000e+00       0.000000000000e+00 
  279       7.701835293687e-14       6.206738300743e-16      -2.567893091444e-15       3.418894739667e-16       0.000000000000e+00       0.000000000000e+00       0.000000000000e+00 
  280       7.471715531474e-14       6.228847494106e-16      -2.483407958191e-15       3.398382475322e-16       0.000000000000e+00       0.000000000000e+00       0.000000000000e+00 
  281       7.248778254591e-14       6.248375183580e-16      -2.396640065216e-15       3.377180749849e-16       0.000000000000e+00       0.000000000000e+00       0.000000000000e+00 
  282       7.033025513224e-14       6.265329345697e-16      -2.307696473123e-15       3.355310536006e-16       0.000000000000e+00       0.000000000000e+00       0.000000000000e+00 
  283       6.824455007726e-14       6.279719331403e-16      -2.216687901446e-15       3.332793559719e-16       0.000000000000e+00       0.000000000000e+00       0.000000000000e+00 
  284       6.623060035390e-14       6.291555881442e-16      -2.123728762144e-15       3.309652306921e-16       0.000000000000e+00       0.000000000000e+00       0.000000000000e+00 
  285       6.428829437226e-14       6.300851141733e-16      -2.028937193099e-15       3.285910030379e-16       0.000000000000e+00       0.000000000000e+00       0.000000000000e+00 
  286       6.241747544739e-14       6.307618678752e-16      -1.932435091615e-15       3.261590756531e-16       0.000000000000e+00       0.000000000000e+00       0.000000000000e+00 
  287       6.061794126704e-14       6.311873494908e-16      -1.834348147916e-15       3.236719292317e-16       0.000000000000e+00       0.000000000000e+00       0.000000000000e+00 
  288       5.888944335940e-14       6.313632043928e-16      -1.734805878641e-15       3.211321232008e-16       0.000000000000e+00       0.000000000000e+00       0.000000000000e+00 
  289       5.723168656093e-14       6.312912246233e-16      -1.633941660348e-15       3.185422964045e-16       0.000000000000e+00       0.000000000000e+00       0.000000000000e+00 
  290       5.564432848404e-14       6.309733504318e-16      -1.531892763008e-15       3.159051677867e-16       0.000000000000e+00       0.000000000000e+00       0.000000000000e+00 
  291       5.412697898490e-14       6.304116718132e-16      -1.428800383501e-15       3.132235370745e-16       0.000000000000e+00       0.000000000000e+00       0.000000000000e+00 
  292       5.267919963123e-14       6.296084300460e-16      -1.324809679121e-15       3.105002854612e-16       0.000000000000e+00       0.000000000000e+00       0.000000000000e+00 
  293       5.130050316997e-14       6.285660192300e-16      -1.220069801065e-15       3.077383762899e-16       0.000000000000e+00       0.000000000000e+00       0.000000000000e+00 
  294       4.999035299515e-14       6.272869878243e-16      -1.114733927941e-15       3.049408557368e-16       0.000000000000e+00       0.000000000000e+00       0.000000000000e+00 
  295       4.874816261558e-14       6.257740401855e-16      -1.008959299258e-15       3.021108534941e-16       0.000000000000e+00       0.000000000000e+00       0.000000000000e+00 
  296       4.757329512264e-14       6.240300381052e-16      -9.029072489256e-16       2.992515834533e-16       0.000000000000e+00       0.000000000000e+00       0.000000000000e+00 
  297       4.646506265804e-14       6.220580023486e-16      -7.967432387566e-16       2.963663443887e-16       0.000000000000e+00       0.000000000000e+00       0.000000000000e+00 
  298       4.542272588160e-14       6.198611141920e-16      -6.906368919601e-16       2.934585206405e-16       0.000000000000e+00       0.000000000000e+00       0.000000000000e+00 
  299       4.444549343897e-14       6.174427169610e-16      -5.847620266415e-16       2.905315827981e-16       0.000000000000e+00       0.000000000000e+00       0.000000000000e+00 
  300       4.353252142942e-14       6.148063175684e-16      -4.792966893002e-16       2.875890883833e-16       0.000000000000e+00       0.000000000000e+00       0.000000000000e+00 
  301       4.268291287363e-14       6.119555880520e-16      -3.744231883281e-16       2.846346825336e-16       0.000000000000e+00       0.000000000000e+00       0.000000000000e+00 
  302       4.189571718139e-14       6.088943671131e-16      -2.703281275070e-16       2.816720986852e-16       0.000000000000e+00       0.000000000000e+00       0.000000000000e+00 
  303       4.116992961942e-14       6.056266616538e-16      -1.672024395071e-16       2.787051592567e-16       0.000000000000e+00       0.000000000000e+00       0.000000000000e+00 
  304       4.050449077910e-14       6.021566483154e-16      -6.524141938491e-17       2.757377763322e-16       0.000000000000e+00       0.000000000000e+00       0.000000000000e+00 
  305       3.989828604424e-14       5.984886750164e-16       3.535524191890e-17       2.727739523442e-16       0.000000000000e+00       0.000000000000e+00       0.000000000000e+00 
  306       3.935014505886e-14       5.946272624901e-16       1.343834240811e-16       2.698177807573e-16       0.000000000000e+00       0.000000000000e+00       0.000000000000e+00 
  307       3.885884119492e-14       5.905771058230e-16       2.316345438982e-16       2.668734467512e-16       0.000000000000e+00       0.000000000000e+00       0.000000000000e+00 
  308       3.842309102012e-14       5.863430759926e-16       3.268955217881e-16       2.639452279041e-16       0.000000000000e+00       0.000000000000e+00       0.000000000000e+00 
  309       3.804155376563e-14       5.819302214052e-16       4.199487482923e-16       2.610374948757e-16       0.000000000000e+00       0.000000000000e+00       0.000000000000e+00 
  310       3.771283079388e-14       5.773437694343e-16       5.105720505778e-16       2.581547120910e-16       0.000000000000e+00       0.000000000000e+00       0.000000000000e+00 
  311       3.743546506630e-14       5.725891279580e-16       5.985386589388e-16       2.553014384226e-16       0.000000000000e+00       0.000000000000e+00       0.000000000000e+00 
  312       3.720803029698e-14       5.676717698117e-16       6.836549530989e-16       2.524816750590e-16       0.000000000000e+00       0.000000000000e+00       0.000000000000e+00 
  313       3.702940407744e-14       5.625968770638e-16       7.658757055380e-16       2.496968742608e-16       0.000000000000e+00       0.000000000000e+00       0.000000000000e+00 
  314       3.689850638497e-14       5.573696832389e-16       8.451941199802e-16       2.469478395455e-16       0.000000000000e+00       0.000000000000e+00       0.000000000000e+00 
  315       3.681421061905e-14       5.519955903038e-16       9.216045465554e-16       2.442353700558e-16       0.000000000000e+00       0.000000000000e+00       0.000000000000e+00 
  316       3.677534317930e-14       5.464801700614e-16       9.951024947250e-16       2.415602604400e-16       0.000000000000e+00       0.000000000000e+00       0.000000000000e+00 
  317       3.678068304347e-14       5.408291655451e-16       1.065684646208e-15       2.389233007338e-16       0.000000000000e+00       0.000000000000e+00       0.000000000000e+00 
  318       3.682896134540e-14       5.350484924129e-16       1.133348867906e-15       2.363252762406e-16       0.000000000000e+00       0.000000000000e+00       0.000000000000e+00 
  319       3.691886095298e-14       5.291442403411e-16       1.198094224831e-15       2.337669674132e-16       0.000000000000e+00       0.000000000000e+00       0.000000000000e+00 
  320       3.704901604614e-14       5.231226744189e-16       1.259920993029e-15       2.312491497344e-16       0.000000000000e+00       0.000000000000e+00       0.000000000000e+00 
  321       3.721801169478e-14       5.169902365420e-16       1.318830672509e-15       2.287725935985e-16       0.000000000000e+00       0.000000000000e+00       0.000000000000e+00 
  322       3.742438343681e-14       5.107535468074e-16       1.374826000163e-15       2.263380641920e-16       0.000000000000e+00       0.000000000000e+00       0.000000000000e+00 
  323       3.766661685602e-14       5.044194049065e-16       1.427910962700e-15       2.239463213749e-16       0.000000000000e+00       0.000000000000e+00       0.000000000000e+00 
  324       3.794314716014e-14       4.979947915202e-16       1.478090809566e-15       2.215981195616e-16       0.000000000000e+00       0.000000000000e+00       0.000000000000e+00 
  325       3.825235875877e-14       4.914868697124e-16       1.525372065871e-15       2.192942076021e-16       0.000000000000e+00       0.000000000000e+00       0.000000000000e+00 
  326       3.859258484135e-14       4.849029863241e-16       1.569762545316e-15       2.170353286630e-16       0.000000000000e+00       0.000000000000e+00       0.000000000000e+00 
  327       3.896210695511e-14       4.782506733680e-16       1.611271363119e-15       2.148222201088e-16       0.000000000000e+00       0.000000000000e+00       0.000000000000e+00 
  328       3.935915458310e-14       4.715376494219e-16       1.649908948939e-15       2.126556133823e-16       0.000000000000e+00       0.000000000000e+00       0.000000000000e+00 
  329       3.978190472208e-14       4.647718210234e-16       1.685687059804e-15       2.105362338866e-16       0.000000000000e+00       0.000000000000e+00       0.000000000000e+00 
  330       4.022848146056e-14       4.579612840636e-16       1.718618793036e-15       2.084648008654e-16       0.000000000000e+00       0.000000000000e+00       0.000000000000e+00 
  331       4.069695555673e-14       4.511143251814e-16       1.748718599178e-15       2.064420272844e-16       0.000000000000e+00       0.000000000000e+00       0.000000000000e+00 
  332       4.118534401642e-14       4.442394231575e-16       1.776002294916e-15       2.044686197126e-16       0.000000000000e+00       0.000000000000e+00       0.000000000000e+00 
  333       4.169160967111e-14       4.373452503086e-16       1.800487076011e-15       2.025452782027e-16       0.000000000000e+00       0.000000000000e+00       0.000000000000e+00 
  334       4.221366075586e-14       4.304406738814e-16       1.822191530219e-15       2.006726961728e-16       0.000000000000e+00       0.000000000000e+00       0.000000000000e+00 
  335       4.274935048731e-14       4.235347574467e-16       1.841135650222e-15       1.988515602871e-16       0.000000000000e+00       0.000000000000e+00       0.000000000000e+00 
  336       4.329647664163e-14       4.166367622937e-16       1.857340846548e-15       1.970825503374e-16       0.000000000000e+00       0.000000000000e+00       0.000000000000e+00 
  337       4.385278113247e-14       4.097561488237e-16       1.870829960505e-15       1.953663391235e-16       0.000000000000e+00       0.000000000000e+00       0.000000000000e+00 
  338       4.441594958900e-14       4.029025779446e-16       1.881627277098e-15       1.937035923348e-16       0.000000000000e+00       0.000000000000e+00       0.000000000000e+00 
  339       4.498361093378e-14       3.960859124648e-16       1.889758537962e-15       1.920949684313e-16       0.000000000000e+00       0.000000000000e+00       0.000000000000e+00 
  340       4.555333696082e-14       3.893162184872e-16       1.895250954283e-15       1.905411185245e-16       0.000000000000e+00       0.000000000000e+00       0.000000000000e+00 
  341       4.612264191349e-14       3.826037668036e-16       1.898133219726e-15       1.890426862584e-16       0.000000000000e+00       0.000000000000e+00       0.000000000000e+00 
  342       4.668898206252e-14       3.759590342885e-16       1.898435523363e-15       1.876003076909e-16       0.000000000000e+00       0.000000000000e+00       0.000000000000e+00 
  343       4.724975528396e-14       3.693927052934e-16       1.896189562595e-15       1.862146111747e-16       0.000000000000e+00       0.000000000000e+00       0.000000000000e+00 
  344       4.780230063713e-14       3.629156730408e-16       1.891428556079e-15       1.848862172381e-16       0.000000000000e+00       0.000000000000e+00       0.000000000000e+00 
  345       4.834389794263e-14       3.565390410182e-16       1.884187256655e-15       1.836157384667e-16       0.000000000000e+00       0.000000000000e+00       0.000000000000e+00 
  346       4.887176736028e-14       3.502741243726e-16       1.874501964273e-15       1.824037793837e-16       0.000000000000e+00       0.000000000000e+00       0.000000000000e+00 
  347       4.938306896709e-14       3.441324513040e-16       1.862410538915e-15       1.812509363316e-16       0.000000000000e+00       0.000000000000e+00       0.000000000000e+00 
  348       4.987490233524e-14       3.381257644599e-16       1.847952413525e-15       1.801577973530e-16       0.000000000000e+00       0.000000000000e+00       0.000000000000e+00 
  349       5.034479491115e-14       3.322641514207e-16       1.831170892937e-15       1.791246996662e-16       0.000000000000e+00       0.000000000000e+00       0.000000000000e+00 
  350       5.079219040607e-14       3.265503475948e-16       1.812120129628e-15       1.781509912182e-16       0.000000000000e+00       0.000000000000e+00       0.000000000000e+00 
  351       5.121702140287e-14       3.209851994105e-16       1.790858463035e-15       1.772357382254e-16       0.000000000000e+00       0.000000000000e+00       0.000000000000e+00 
  352       5.161922619141e-14       3.155695134299e-16       1.767446174811e-15       1.763779644560e-16       0.000000000000e+00       0.000000000000e+00       0.000000000000e+00 
  353       5.199874882667e-14       3.103040559048e-16       1.741945503997e-15       1.755766508727e-16       0.000000000000e+00       0.000000000000e+00       0.000000000000e+00 
  354       5.235553918698e-14       3.051895523330e-16       1.714420662192e-15       1.748307352757e-16       0.000000000000e+00       0.000000000000e+00       0.000000000000e+00 
  355       5.268955303213e-14       3.002266870142e-16       1.684937848726e-15       1.741391119453e-16       0.000000000000e+00       0.000000000000e+00       0.000000000000e+00 
  356       5.300075206156e-14       2.954161026063e-16       1.653565265831e-15       1.735006312857e-16       0.000000000000e+00       0.000000000000e+00       0.000000000000e+00 
  357       5.328910397253e-14       2.907583996816e-16       1.620373133813e-15       1.729140994667e-16       0.000000000000e+00       0.000000000000e+00       0.000000000000e+00 
  358       5.355458251825e-14       2.862541362825e-16       1.585433706223e-15       1.723782780677e-16       0.000000000000e+00       0.000000000000e+00       0.000000000000e+00 
  359       5.379716756613e-14       2.819038274781e-16       1.548821285031e-15       1.718918837201e-16       0.000000000000e+00       0.000000000000e+00       0.000000000000e+00 
  360       5.401684515585e-14       2.777079449201e-16       1.510612235794e-15       1.714535877502e-16       0.000000000000e+00       0.000000000000e+00       0.000000000000e+00 
  361       5.421360755759e-14       2.736669163990e-16       1.470885002831e-15       1.710620158226e-16       0.000000000000e+00       0.000000000000e+00       0.000000000000e+00 
  362       5.438745333016e-14       2.697811254000e-16       1.429720124391e-15       1.707157475823e-16       0.000000000000e+00       0.000000000000e+00       0.000000000000e+00 
  363       5.453838737922e-14       2.660509106594e-16       1.387200247829e-15       1.704133162987e-16       0.000000000000e+00       0.000000000000e+00       0.000000000000e+00 
  364       5.466642101538e-14       2.624765657207e-16       1.343410144775e-15       1.701532085074e-16       0.000000000000e+00       0.000000000000e+00       0.000000000000e+00 
  365       5.477157201241e-14       2.590583384903e-16       1.298436726307e-15       1.699338636540e-16       0.000000000000e+00       0.000000000000e+00       0.000000000000e+00 
  366       5.485386466538e-14       2.557964307943e-16       1.252369058119e-15       1.697536737368e-16       0.000000000000e+00       0.000000000000e+00       0.000000000000e+00 
  367       5.491332984887e-14       2.526909979341e-16       1.205298375699e-15       1.696109829493e-16       0.000000000000e+00       0.000000000000e+00       0.000000000000e+00 
  368       5.495000507507e-14       2.497421482426e-16       1.157318099495e-15       1.695040873237e-16       0.000000000000e+00       0.000000000000e+00       0.000000000000e+00 
  369       5.496393455203e-14       2.469499426406e-16       1.108523850090e-15       1.694312343737e-16       0.000000000000e+00       0.000000000000e+00       0.000000000000e+00 
  370       5.495516924175e-14       2.443143941926e-16       1.059013463372e-15       1.693906227371e-16       0.000000000000e+00       0.000000000000e+00       0.000000000000e+00 
  371       5.492376691838e-14       2.418354676630e-16       1.008887005705e-15       1.693804018191e-16       0.000000000000e+00       0.000000000000e+00       0.000000000000e+00 
  372       5.486979222640e-14       2.395130790724e-16       9.582467891054e-16       1.693986714350e-16       0.000000000000e+00       0.000000000000e+00       0.000000000000e+00 
  373       5.479331673877e-14       2.373470952534e-16       9.071973864063e-16       1.694434814532e-16       0.000000000000e+00       0.000000000000e+00       0.000000000000e+00 
  374       5.469441901508e-14       2.353373334071e-16       8.558456464349e-16       1.695128314385e-16       0.000000000000e+00       0.000000000000e+00       0.000000000000e+00 
  375       5.457318465976e-14       2.334835606589e-16       8.043007091820e-16       1.696046702941e-16       0.000000000000e+00       0.000000000000e+00       0.000000000000e+00 
  376       5.442970638021e-14       2.317854936147e-16       7.526740209736e-16       1.697168959055e-16       0.000000000000e+00       0.000000000000e+00       0.000000000000e+00 
  377       5.426408404499e-14       2.302427979172e-16       7.010793496432e-16       1.698473547830e-16       0.000000000000e+00       0.000000000000e+00       0.000000000000e+00 
  378       5.407642474196e-14       2.288550878017e-16       6.496327997029e-16       1.699938417047e-16       0.000000000000e+00       0.000000000000e+00       0.000000000000e+00 
  379       5.386684283647e-14       2.276219256527e-16       5.984528275155e-16       1.701540993591e-16       0.000000000000e+00       0.000000000000e+00       0.000000000000e+00 
  380       5.363546002953e-14       2.265428215593e-16       5.476602564659e-16       1.703258179886e-16       0.000000000000e+00       0.000000000000e+00       0.000000000000e+00 
  381       5.338240541595e-14       2.256172328721e-16       4.973782921327e-16       1.705066350322e-16       0.000000000000e+00       0.000000000000e+00       0.000000000000e+00 
  382       5.310781554254e-14       2.248445637588e-16       4.477325374602e-16       1.706941347682e-16       0.000000000000e+00       0.000000000000e+00       0.000000000000e+00 
  383       5.281183446624e-14       2.242241647604e-16       3.988510079297e-16       1.708858479574e-16       0.000000000000e+00       0.000000000000e+00       0.000000000000e+00 
  384       5.249461381233e-14       2.237553323476e-16       3.508641467314e-16       1.710792514860e-16       0.000000000000e+00       0.000000000000e+00       0.000000000000e+00 
  385       5.215631283256e-14       2.234373084765e-16       3.039048399359e-16       1.712717680084e-16       0.000000000000e+00       0.000000000000e+00       0.000000000000e+00 
  386       5.179709846333e-14       2.232692801452e-16       2.581084316662e-16       1.714607655902e-16       0.000000000000e+00       0.000000000000e+00       0.000000000000e+00 
  387       5.141714538386e-14       2.232503789494e-16       2.136127392689e-16       1.716435573511e-16       0.000000000000e+00       0.000000000000e+00       0.000000000000e+00 
  388       5.101670050400e-14       2.233792512191e-16       1.705351374361e-16       1.718177984391e-16       0.000000000000e+00       0.000000000000e+00       0.000000000000e+00 
  389       5.059627896825e-14       2.236527516068e-16       1.289028346176e-16       1.719826940508e-16       0.000000000000e+00       0.000000000000e+00       0.000000000000e+00 
  390       5.015647559754e-14       2.240671997608e-16       8.872001831919e-17       1.721378358974e-16       0.000000000000e+00       0.000000000000e+00       0.000000000000e+00 
  391       4.969790123071e-14       2.246188045494e-16       4.999054760236e-17       1.722828089124e-16       0.000000000000e+00       0.000000000000e+00       0.000000000000e+00 
  392       4.922118283386e-14       2.253036632761e-16       1.271795002393e-17       1.724171912106e-16       0.000000000000e+00       0.000000000000e+00       0.000000000000e+00 
  393       4.872696360976e-14       2.261177608939e-16      -2.309458142370e-17       1.725405540470e-16       0.000000000000e+00       0.000000000000e+00       0.000000000000e+00 
  394       4.821590310722e-14       2.270569692203e-16      -5.744419137242e-17       1.726524617754e-16       0.000000000000e+00       0.000000000000e+00       0.000000000000e+00 
  395       4.768867733051e-14       2.281170461518e-16      -9.032836513834e-17       1.727524718076e-16       0.000000000000e+00       0.000000000000e+00       0.000000000000e+00 
  396       4.714597884874e-14       2.292936348786e-16      -1.217449317817e-16       1.728401345720e-16       0.000000000000e+00       0.000000000000e+00       0.000000000000e+00 
  397       4.658851690525e-14       2.305822630996e-16      -1.516920671667e-16       1.729149934723e-16       0.000000000000e+00       0.000000000000e+00       0.000000000000e+00 
  398       4.601701752699e-14       2.319783422365e-16      -1.801682970215e-16       1.729765848467e-16       0.000000000000e+00       0.000000000000e+00       0.000000000000e+00 
  399       4.543222363393e-14       2.334771666494e-16      -2.071724999980e-16       1.730244379264e-16       0.000000000000e+00       0.000000000000e+00       0.000000000000e+00 
  400       4.483489514847e-14       2.350739128506e-16      -2.327039107319e-16       1.730580747945e-16       0.000000000000e+00       0.000000000000e+00       0.000000000000e+00 
  401       4.422580910479e-14       2.367636387198e-16      -2.567621229025e-16       1.730770103450e-16       0.000000000000e+00       0.000000000000e+00       0.000000000000e+00 
  402       4.360575975827e-14       2.385412827188e-16      -2.793470922924e-16       1.730807522416e-16       0.000000000000e+00       0.000000000000e+00       0.000000000000e+00 
  403       4.297555869487e-14       2.404016631061e-16      -3.004591398478e-16       1.730688008762e-16       0.000000000000e+00       0.000000000000e+00       0.000000000000e+00 
  404       4.233603494053e-14       2.423394771515e-16      -3.200989547380e-16       1.730406493281e-16       0.000000000000e+00       0.000000000000e+00       0.000000000000e+00 
  405       4.168803507056e-14       2.443493003509e-16      -3.382675974158e-16       1.729957833227e-16       0.000000000000e+00       0.000000000000e+00       0.000000000000e+00 
  406       4.103242331903e-14       2.464255856413e-16      -3.549665026768e-16       1.729336811905e-16       0.000000000000e+00       0.000000000000e+00       0.000000000000e+00 
  407       4.037008168816e-14       2.485626626149e-16      -3.701974827196e-16       1.728538138256e-16       0.000000000000e+00       0.000000000000e+00       0.000000000000e+00 
  408       3.970191005773e-14       2.507547367344e-16      -3.839627302058e-16       1.727556446446e-16       0.000000000000e+00       0.000000000000e+00       0.000000000000e+00 
  409       3.902882629444e-14       2.529958885472e-16      -3.962648213197e-16       1.726386295459e-16       0.000000000000e+00       0.000000000000e+00       0.000000000000e+00 
  410       3.835176636133e-14       2.552800729007e-16      -4.071067188283e-16       1.725022168679e-16       0.000000000000e+00       0.000000000000e+00       0.000000000000e+00 
  411       3.767168442717e-14       2.576011181562e-16      -4.164917751411e-16       1.723458473481e-16       0.000000000000e+00       0.000000000000e+00       0.000000000000e+00 
  412       3.698955297583e-14       2.599527254044e-16      -4.244237353702e-16       1.721689540820e-16       0.000000000000e+00       0.000000000000e+00       0.000000000000e+00 
  413       3.630636291570e-14       2.623284676796e-16      -4.309067403900e-16       1.719709624819e-16       0.000000000000e+00       0.000000000000e+00       0.000000000000e+00 
  414       3.562312368905e-14       2.647217891747e-16      -4.359453298971e-16       1.717512902356e-16       0.000000000000e+00       0.000000000000e+00       0.000000000000e+00 
  415       3.494086338147e-14       2.671260044556e-16      -4.395444454703e-16       1.715093472655e-16       0.000000000000e+00       0.000000000000e+00       0.000000000000e+00 
  416       3.426062883122e-14       2.695342976763e-16      -4.417094336305e-16       1.712445356870e-16       0.000000000000e+00       0.000000000000e+00       0.000000000000e+00 
  417       3.358348573862e-14       2.719397217932e-16      -4.424460489004e-16       1.709562497679e-16       0.000000000000e+00       0.000000000000e+00       0.000000000000e+00 
  418       3.291051877548e-14       2.743351977800e-16      -4.417604568648e-16       1.706438758866e-16       0.000000000000e+00       0.000000000000e+00       0.000000000000e+00 
  419       3.224283169448e-14       2.767135138425e-16      -4.396592372300e-16       1.703067924915e-16       0.000000000000e+00       0.000000000000e+00       0.000000000000e+00 
  420       3.158154743851e-14       2.790673246331e-16      -4.361493868841e-16       1.699443700595e-16       0.000000000000e+00       0.000000000000e+00       0.000000000000e+00 
  421       3.092780825015e-14       2.813891504657e-16      -4.312383229567e-16       1.695559710549e-16       0.000000000000e+00       0.000000000000e+00       0.000000000000e+00 
  422       3.028277578099e-14       2.836713765303e-16      -4.249338858787e-16       1.691409498883e-16       0.000000000000e+00       0.000000000000e+00       0.000000000000e+00 
  423       2.964763120107e-14       2.859062521075e-16      -4.172443424427e-16       1.686986528753e-16       0.000000000000e+00       0.000000000000e+00       0.000000000000e+00 
  424       2.902357530823e-14       2.880858897838e-16      -4.081783888620e-16       1.682284181955e-16       0.000000000000e+00       0.000000000000e+00       0.000000000000e+00 
  425       2.841182863754e-14       2.902022646656e-16      -3.977451538316e-16       1.677295758512e-16       0.000000000000e+00       0.000000000000e+00       0.000000000000e+00 
  426       2.781363157066e-14       2.922472135944e-16      -3.859542015870e-16       1.672014476263e-16       0.000000000000e+00       0.000000000000e+00       0.000000000000e+00 
  427       2.723003439803e-14       2.942137118065e-16      -3.728199515181e-16       1.666435646748e-16       0.000000000000e+00       0.000000000000e+00       0.000000000000e+00 
  428       2.666125941586e-14       2.960997523506e-16      -3.583750963792e-16       1.660563285236e-16       0.000000000000e+00       0.000000000000e+00       0.000000000000e+00 
  429       2.610731734163e-14       2.979045971109e-16      -3.426576466050e-16       1.654403724774e-16       0.000000000000e+00       0.000000000000e+00       0.000000000000e+00 
  430       2.556821537205e-14       2.996275113400e-16      -3.257065609449e-16       1.647963461220e-16       0.000000000000e+00       0.000000000000e+00       0.000000000000e+00 
  431       2.504395715451e-14       3.012677637125e-16      -3.075617524234e-16       1.641249154261e-16       0.000000000000e+00       0.000000000000e+00       0.000000000000e+00 
  432       2.453454275857e-14       3.028246263783e-16      -2.882640942993e-16       1.634267628430e-16       0.000000000000e+00       0.000000000000e+00       0.000000000000e+00 
  433       2.403996864742e-14       3.042973750164e-16      -2.678554260263e-16       1.627025874126e-16       0.000000000000e+00       0.000000000000e+00       0.000000000000e+00 
  434       2.356022764936e-14       3.056852888882e-16      -2.463785592121e-16       1.619531048627e-16       0.000000000000e+00       0.000000000000e+00       0.000000000000e+00 
  435       2.309530892928e-14       3.069876508910e-16      -2.238772835789e-16       1.611790477110e-16       0.000000000000e+00       0.000000000000e+00       0.000000000000e+00 
  436       2.264519796012e-14       3.082037476116e-16      -2.003963729228e-16       1.603811653668e-16       0.000000000000e+00       0.000000000000e+00       0.000000000000e+00 
  437       2.220987649434e-14       3.093328693795e-16      -1.759815910742e-16       1.595602242328e-16       0.000000000000e+00       0.000000000000e+00       0.000000000000e+00 
  438       2.178932253541e-14       3.103743103208e-16      -1.506796978568e-16       1.587170078065e-16       0.000000000000e+00       0.000000000000e+00       0.000000000000e+00 
  439       2.138351030926e-14       3.113273684115e-16      -1.245384550486e-16       1.578523167823e-16       0.000000000000e+00       0.000000000000e+00       0.000000000000e+00 
  440       2.099241023577e-14       3.121913455308e-16      -9.760663234066e-17       1.569669691531e-16       0.000000000000e+00       0.000000000000e+00       0.000000000000e+00 
  441       2.061598890023e-14       3.129655475149e-16      -6.993401329779e-17       1.560618003121e-16       0.000000000000e+00       0.000000000000e+00       0.000000000000e+00 
  442       2.025420902483e-14       3.136492842104e-16      -4.157140131794e-17       1.551376631543e-16       0.000000000000e+00       0.000000000000e+00       0.000000000000e+00 
  443       1.990702944010e-14       3.142418695278e-16      -1.257062559224e-17       1.541954281785e-16       0.000000000000e+00       0.000000000000e+00       0.000000000000e+00 
  444       1.957440505644e-14       3.147426214948e-16       1.701545293514e-17       1.532359835888e-16       0.000000000000e+00       0.000000000000e+00       0.000000000000e+00 
  445       1.925628683552e-14       3.151508623100e-16       4.713293560718e-17       1.522602353965e-16       0.000000000000e+00       0.000000000000e+00       0.000000000000e+00 
  446       1.895262176180e-14       3.154659183964e-16       7.772688009409e-17       1.512691075218e-16       0.000000000000e+00       0.000000000000e+00       0.000000000000e+00 
  447       1.866335281399e-14       3.156871204549e-16       1.087412944335e-16       1.502635418956e-16       0.000000000000e+00       0.000000000000e+00       0.000000000000e+00 
  448       1.838841893654e-14       3.158138035176e-16       1.401191310705e-16       1.492444985609e-16       0.000000000000e+00       0.000000000000e+00       0.000000000000e+00 
  449       1.812775501107e-14       3.158453070014e-16       1.718022808979e-16       1.482129557750e-16       0.000000000000e+00       0.000000000000e+00       0.000000000000e+00 
  450       1.788129182787e-14       3.157809747617e-16       2.037315672964e-16       1.471699101108e-16       0.000000000000e+00       0.000000000000e+00       0.000000000000e+00 
  451       1.764895605740e-14       3.156201551454e-16       2.358467401744e-16       1.461163765588e-16       0.000000000000e+00       0.000000000000e+00       0.000000000000e+00 
  452       1.743067022170e-14       3.153622010450e-16       2.680864700085e-16       1.450533886289e-16       0.000000000000e+00       0.000000000000e+00       0.000000000000e+00 
  453       1.722635266592e-14       3.150064699516e-16       3.003883418836e-16       1.439819984518e-16       0.000000000000e+00       0.000000000000e+00       0.000000000000e+00 
  454       1.703591752973e-14       3.145523240087e-16       3.326888495328e-16       1.429032768809e-16       0.000000000000e+00       0.000000000000e+00       0.000000000000e+00 
  455       1.685927471888e-14       3.139991300656e-16       3.649233893777e-16       1.418183135941e-16       0.000000000000e+00       0.000000000000e+00       0.000000000000e+00 
  456       1.669632987660e-14       3.133462597306e-16       3.970262545685e-16       1.407282171957e-16       0.000000000000e+00       0.000000000000e+00       0.000000000000e+00 
  457       1.654698435507e-14       3.125930894251e-16       4.289306290243e-16       1.396341153175e-16       0.000000000000e+00       0.000000000000e+00       0.000000000000e+00 
  458       1.641113518696e-14       3.117390004365e-16       4.605685814729e-16       1.385371547213e-16       0.000000000000e+00       0.000000000000e+00       0.000000000000e+00 
  459       1.628867505684e-14       3.107833789721e-16       4.918710594911e-16       1.374385014000e-16       0.000000000000e+00       0.000000000000e+00       0.000000000000e+00 
  460       1.617949227267e-14       3.097256162125e-16       5.227678835452e-16       1.363393406797e-16       0.000000000000e+00       0.000000000000e+00       0.000000000000e+00 
  461       1.608347073727e-14       3.085651083647e-16       5.531877410303e-16       1.352408773215e-16       0.000000000000e+00       0.000000000000e+00       0.000000000000e+00 
  462       1.600048991983e-14       3.073012567164e-16       5.830581803112e-16       1.341443356226e-16       0.000000000000e+00       0.000000000000e+00       0.000000000000e+00 
  463       1.593042482730e-14       3.059334676885e-16       6.123056047624e-16       1.330509595191e-16       0.000000000000e+00       0.000000000000e+00       0.000000000000e+00 
  464       1.587314597595e-14       3.044611528896e-16       6.408552668077e-16       1.319620126865e-16       0.000000000000e+00       0.000000000000e+00       0.000000000000e+00 
  465       1.582851936279e-14       3.028837291686e-16       6.686312619612e-16       1.308787786426e-16       0.000000000000e+00       0.000000000000e+00       0.000000000000e+00 
  466       1.579637239564e-14       3.012011968142e-16       6.955688967509e-16       1.298023993447e-16       0.000000000000e+00       0.000000000000e+00       0.000000000000e+00 
  467       1.577639057154e-14       2.994158938951e-16       7.216522292671e-16       1.287333852359e-16       0.000000000000e+00       0.000000000000e+00       0.000000000000e+00 
  468       1.576821751864e-14       2.975307967587e-16       7.468776881144e-16       1.276720901133e-16       0.000000000000e+00       0.000000000000e+00       0.000000000000e+00 
  469       1.577148869901e-14       2.955489472048e-16       7.712418052638e-16       1.266188712624e-16       0.000000000000e+00       0.000000000000e+00       0.000000000000e+00 
  470       1.578583136140e-14       2.934734528582e-16       7.947412169151e-16       1.255740894698e-16       0.000000000000e+00       0.000000000000e+00       0.000000000000e+00 
  471       1.581086449391e-14       2.913074875406e-16       8.173726643609e-16       1.245381090361e-16       0.000000000000e+00       0.000000000000e+00       0.000000000000e+00 
  472       1.584619877669e-14       2.890542916428e-16       8.391329948495e-16       1.235112977879e-16       0.000000000000e+00       0.000000000000e+00       0.000000000000e+00 
  473       1.589143653467e-14       2.867171724976e-16       8.600191624485e-16       1.224940270913e-16       0.000000000000e+00       0.000000000000e+00       0.000000000000e+00 
  474       1.594617169021e-14       2.842995047515e-16       8.800282289076e-16       1.214866718640e-16       0.000000000000e+00       0.000000000000e+00       0.000000000000e+00 
  475       1.600998971585e-14       2.818047307372e-16       8.991573645222e-16       1.204896105884e-16       0.000000000000e+00       0.000000000000e+00       0.000000000000e+00 
  476       1.608246758700e-14       2.792363608458e-16       9.174038489969e-16       1.195032253238e-16       0.000000000000e+00       0.000000000000e+00       0.000000000000e+00 
  477       1.616317373462e-14       2.765979738994e-16       9.347650723082e-16       1.185279017195e-16       0.000000000000e+00       0.000000000000e+00       0.000000000000e+00 
  478       1.625166799794e-14       2.738932175229e-16       9.512385355682e-16       1.175640290271e-16       0.000000000000e+00       0.000000000000e+00       0.000000000000e+00 
  479       1.634750157717e-14       2.711258085168e-16       9.668218518878e-16       1.166120001137e-16       0.000000000000e+00       0.000000000000e+00       0.000000000000e+00 
  480       1.645021698616e-14       2.682995332290e-16       9.815127472398e-16       1.156722114739e-16       0.000000000000e+00       0.000000000000e+00       0.000000000000e+00 
  481       1.655934800515e-14       2.654182479276e-16       9.953090613227e-16       1.147450632430e-16       0.000000000000e+00       0.000000000000e+00       0.000000000000e+00 
  482       1.667441963347e-14       2.624858791727e-16       1.008208748423e-15       1.138309592096e-16       0.000000000000e+00       0.000000000000e+00       0.000000000000e+00 
  483       1.679494804220e-14       2.595064241890e-16       1.020209878280e-15       1.129303068279e-16       0.000000000000e+00       0.000000000000e+00       0.000000000000e+00 
  484       1.692044052689e-14       2.564839512381e-16       1.031310636947e-15       1.120435172309e-16       0.000000000000e+00       0.000000000000e+00       0.000000000000e+00 
  485       1.705039546029e-14       2.534225999905e-16       1.041509327657e-15       1.111710052427e-16       0.000000000000e+00       0.000000000000e+00       0.000000000000e+00 
  486       1.718430224501e-14       2.503265818983e-16       1.050804371683e-15       1.103131893913e-16       0.000000000000e+00       0.000000000000e+00       0.000000000000e+00 
  487       1.732164126624e-14       2.472001805671e-16       1.059194309205e-15       1.094704919213e-16       0.000000000000e+00       0.000000000000e+00       0.000000000000e+00 
  488       1.746188384446e-14       2.440477521287e-16       1.066677800171e-15       1.086433388065e-16       0.000000000000e+00       0.000000000000e+00       0.000000000000e+00 
  489       1.760449218814e-14       2.408737256128e-16       1.073253625158e-15       1.078321597628e-16       0.000000000000e+00       0.000000000000e+00       0.000000000000e+00 
  490       1.774891934642e-14       2.376826033200e-16       1.078920686241e-15       1.070373882604e-16       0.000000000000e+00       0.000000000000e+00       0.000000000000e+00 
  491       1.789460916182e-14       2.344789611935e-16       1.083678007852e-15       1.062594615370e-16       0.000000000000e+00       0.000000000000e+00       0.000000000000e+00 
  492       1.804099622296e-14       2.312674491918e-16       1.087524737644e-15       1.054988206102e-16       0.000000000000e+00       0.000000000000e+00       0.000000000000e+00 
  493       1.818750581725e-14       2.280527916608e-16       1.090460147355e-15       1.047559102901e-16       0.000000000000e+00       0.000000000000e+00       0.000000000000e+00 
  494       1.833355388358e-14       2.248397877060e-16       1.092483633671e-15       1.040311791922e-16       0.000000000000e+00       0.000000000000e+00       0.000000000000e+00 
  495       1.847854696504e-14       2.216333115649e-16       1.093594719089e-15       1.033250797501e-16       0.000000000000e+00       0.000000000000e+00       0.000000000000e+00 
  496       1.862188216162e-14       2.184383129795e-16       1.093793052781e-15       1.026380682278e-16       0.000000000000e+00       0.000000000000e+00       0.000000000000e+00 
  497       1.876294708288e-14       2.152598175682e-16       1.093078411456e-15       1.019706047327e-16       0.000000000000e+00       0.000000000000e+00       0.000000000000e+00 
  498       1.890111980070e-14       2.121029271983e-16       1.091450700225e-15       1.013231532282e-16       0.000000000000e+00       0.000000000000e+00       0.000000000000e+00 
  499       1.903576880195e-14       2.089728203584e-16       1.088909953462e-15       1.006961815464e-16       0.000000000000e+00       0.000000000000e+00       0.000000000000e+00 
  500       1.916625294119e-14       2.058747525303e-16       1.085456335671e-15       1.000901614008e-16       0.000000000000e+00       0.000000000000e+00       0.000000000000e+00 
