    2       1.495438097263e-10 
    3       1.409365211578e-10 
    4       1.324621994779e-10 
    5       1.257504485203e-10 
    6       1.208055636331e-10 
    7       1.173296368922e-10 
    8       1.150035414198e-10 
    9       1.135827779524e-10 
   10       1.128526026495e-10 
   11       1.126729549303e-10 
   12       1.129344071312e-10 
   13       1.135178933986e-10 
   14       1.143246531962e-10 
   15       1.153613558521e-10 
   16       1.165878616361e-10 
   17       1.179229274362e-10 
   18       1.193694422756e-10 
   19       1.209352382162e-10 
   20       1.225650725920e-10 
   21       1.242707813691e-10 
   22       1.260517686450e-10 
   23       1.278973764565e-10 
   24       1.297757649409e-10 
   25       1.317037063530e-10 
   26       1.336933242792e-10 
   27       1.357257337553e-10 
   28       1.377653306316e-10 
   29       1.398218935244e-10 
   30       1.419097240319e-10 
   31       1.440327384264e-10 
   32       1.461938271975e-10 
   33       1.483862713739e-10 
   34       1.505971694839e-10 
   35       1.528331104247e-10 
   36       1.551018261906e-10 
   37       1.574056723467e-10 
   38       1.597451513636e-10 
   39       1.621153225426e-10 
   40       1.645039709974e-10 
   41       1.668972218453e-10 
   42       1.693002473253e-10 
   43       1.717221337157e-10 
   44       1.741699008146e-10 
   45       1.766481818230e-10 
   46       1.791587620199e-10 
   47       1.817004595701e-10 
   48       1.842689166727e-10 
   49       1.868563359169e-10 
   50       1.894546801546e-10 
   51       1.920669077349e-10 
   52       1.946983312222e-10 
   53       1.973533221547e-10 
   54       2.000352103900e-10 
   55       2.027463363410e-10 
   56       2.054884534739e-10 
   57       2.082622494939e-10 
   58       2.110671095766e-10 
   59       2.139010216698e-10 
   60       2.167604817949e-10 
   61       2.196419773455e-10 
   62       2.225470402811e-10 
   63       2.254781652945e-10 
   64       2.284372881578e-10 
   65       2.314257410914e-10 
   66       2.344442081356e-10 
   67       2.374926805197e-10 
   68       2.405709265315e-10 
   69       2.436801114413e-10 
   70       2.468214271507e-10 
   71       2.499955758289e-10 
   72       2.532027384417e-10 
   73       2.564425432807e-10 
   74       2.597140344912e-10 
   75       2.630156406019e-10 
   76       2.663458173698e-10 
   77       2.697051812205e-10 
   78       2.730947094816e-10 
   79       2.765150832217e-10 
   80       2.799666696060e-10 
   81       2.834495042529e-10 
   82       2.869632735901e-10 
   83       2.905072972107e-10 
   84       2.940808940325e-10 
   85       2.976845891693e-10 
   86       3.013190757145e-10 
   87       3.049848376983e-10 
   88       3.086821388947e-10 
   89       3.124110116279e-10 
   90       3.161712455791e-10 
   91       3.199623765931e-10 
   92       3.237836754850e-10 
   93       3.276344077351e-10 
   94       3.315146815656e-10 
   95       3.354247073128e-10 
   96       3.393645305290e-10 
   97       3.433340245078e-10 
   98       3.473328828093e-10 
   99       3.513606117847e-10 
  100       3.554165231020e-10 
  101       3.594997262707e-10 
  102       3.636091211670e-10 
  103       3.677433905590e-10 
  104       3.719012820181e-10 
  105       3.760825131234e-10 
  106       3.802869751712e-10 
  107       3.845144504650e-10 
  108       3.887646080207e-10 
  109       3.930369992717e-10 
  110       3.973310537743e-10 
  111       4.016460749125e-10 
  112       4.059812356036e-10 
  113       4.103355740030e-10 
  114       4.147079892097e-10 
  115       4.190972369710e-10 
  116       4.235021009837e-10 
  117       4.279219396049e-10 
  118       4.323561978548e-10 
  119       4.368042350568e-10 
  120       4.412653220952e-10 
  121       4.457386386725e-10 
  122       4.502232705678e-10 
  123       4.547182068938e-10 
  124       4.592223373553e-10 
  125       4.637344495064e-10 
  126       4.682532260084e-10 
  127       4.727772418876e-10 
  128       4.773049617929e-10 
  129       4.818349025338e-10 
  130       4.863661466780e-10 
  131       4.908978803756e-10 
  132       4.954292315860e-10 
  133       4.999592685178e-10 
  134       5.044869980696e-10 
  135       5.090113642699e-10 
  136       5.135312467181e-10 
  137       5.180454590246e-10 
  138       5.225527472512e-10 
  139       5.270517883517e-10 
  140       5.315411886124e-10 
  141       5.360194820919e-10 
  142       5.404851290625e-10 
  143       5.449365144498e-10 
  144       5.493720777370e-10 
  145       5.537907204031e-10 
  146       5.581914358751e-10 
  147       5.625731808738e-10 
  148       5.669348746107e-10 
  149       5.712753979831e-10 
  150       5.755935927706e-10 
  151       5.798882608307e-10 
  152       5.841581632952e-10 
  153       5.884020197657e-10 
  154       5.926185075099e-10 
  155       5.968062606572e-10 
  156       6.009638693951e-10 
  157       6.050898791648e-10 
  158       6.091827898574e-10 
  159       6.132410550098e-10 
  160       6.172630810004e-10 
  161       6.212473378792e-10 
  162       6.251927045583e-10 
  163       6.290981527527e-10 
  164       6.329626378041e-10 
  165       6.367850983906e-10 
  166       6.405644562361e-10 
  167       6.442996158197e-10 
  168       6.479894640858e-10 
  169       6.516328701533e-10 
  170       6.552286850251e-10 
  171       6.587757412980e-10 
  172       6.622728528719e-10 
  173       6.657188146597e-10 
  174       6.691124022966e-10 
  175       6.724523718501e-10 
  176       6.757374595288e-10 
  177       6.789663813929e-10 
  178       6.821378330631e-10 
  179       6.852504894304e-10 
  180       6.883030924298e-10 
  181       6.912947227702e-10 
  182       6.942245492962e-10 
  183       6.970917428988e-10 
  184       6.998954765495e-10 
  185       7.026349253342e-10 
  186       7.053092664869e-10 
  187       7.079176794238e-10 
  188       7.104593457774e-10 
  189       7.129334494301e-10 
  190       7.153391765483e-10 
  191       7.176757156165e-10 
  192       7.199422574708e-10 
  193       7.221379953333e-10 
  194       7.242621248458e-10 
  195       7.263138441036e-10 
  196       7.282923536899e-10 
  197       7.301968567093e-10 
  198       7.320265588216e-10 
  199       7.337806682766e-10 
  200       7.354583959468e-10 
  201       7.370590130560e-10 
  202       7.385820288859e-10 
  203       7.400270258432e-10 
  204       7.413936031101e-10 
  205       7.426813768482e-10 
  206       7.438899804039e-10 
  207       7.450190645119e-10 
  208       7.460682975003e-10 
  209       7.470373654947e-10 
  210       7.479259726228e-10 
  211       7.487338412189e-10 
  212       7.494607120281e-10 
  213       7.501063444111e-10 
  214       7.506705165483e-10 
  215       7.511530256444e-10 
  216       7.515536881331e-10 
  217       7.518723398809e-10 
  218       7.521088363924e-10 
  219       7.522630530140e-10 
  220       7.523348851387e-10 
  221       7.523242484107e-10 
  222       7.522310789293e-10 
  223       7.520553334541e-10 
  224       7.517970091700e-10 
  225       7.514562039735e-10 
  226       7.510330604587e-10 
  227       7.505277469546e-10 
  228       7.499404577757e-10 
  229       7.492714134731e-10 
  230       7.485208610857e-10 
  231       7.476890743910e-10 
  232       7.467763541562e-10 
  233       7.457830283895e-10 
  234       7.447094525907e-10 
  235       7.435560100022e-10 
  236       7.423231118605e-10 
  237       7.410111976470e-10 
  238       7.396207353386e-10 
  239       7.381522216595e-10 
  240       7.366061823316e-10 
  241       7.349831723257e-10 
  242       7.332837761126e-10 
  243       7.315086079143e-10 
  244       7.296583119545e-10 
  245       7.277335627100e-10 
  246       7.257350651619e-10 
  247       7.236635550460e-10 
  248       7.215197991045e-10 
  249       7.193045953366e-10 
  250       7.170187466218e-10 
  251       7.146629793828e-10 
  252       7.122380207152e-10 
  253       7.097446247923e-10 
  254       7.071835730643e-10 
  255       7.045556744594e-10 
  256       7.018617655834e-10 
  257       6.991027109197e-10 
  258       6.962794030297e-10 
  259       6.933927627529e-10 
  260       6.904437394067e-10 
  261       6.874333109866e-10 
  262       6.843624843667e-10 
  263       6.812322954992e-10 
  264       6.780438096150e-10 
  265       6.747981214233e-10 
  266       6.714963553123e-10 
  267       6.681396655488e-10 
  268       6.647292364786e-10 
  269       6.612662827265e-10 
  270       6.577520493961e-10 
  271       6.541878122707e-10 
  272       6.505748780125e-10 
  273       6.469145843632e-10 
  274       6.432083003441e-10 
  275       6.394574264561e-10 
  276       6.356633948797e-10 
  277       6.318276696751e-10 
  278       6.279517469828e-10 
  279       6.240370756659e-10 
  280       6.200848142774e-10 
  281       6.160960618921e-10 
  282       6.120719366065e-10 
  283       6.080135756171e-10 
  284       6.039221352982e-10 
  285       5.997987912799e-10 
  286       5.956447385256e-10 
  287       5.914611914104e-10 
  288       5.872493837987e-10 
  289       5.830105691222e-10 
  290       5.787460204576e-10 
  291       5.744570306049e-10 
  292       5.701449121647e-10 
  293       5.658109976167e-10 
  294       5.614566393974e-10 
  295       5.570832099775e-10 
  296       5.526921019408e-10 
  297       5.482847280610e-10 
  298       5.438625213804e-10 
  299       5.394269352874e-10 
  300       5.349794435944e-10 
  301       5.305215406161e-10 
  302       5.260547412468e-10 
  303       5.215805810386e-10 
  304       5.171006162793e-10 
  305       5.126164240704e-10 
  306       5.081296024047e-10 
  307       5.036417702444e-10 
  308       4.991545675990e-10 
  309       4.946696556030e-10 
  310       4.901887165942e-10 
  311       4.857134541909e-10 
  312       4.812454773837e-10 
  313       4.767859467038e-10 
  314       4.723359117886e-10 
  315       4.678964258247e-10 
  316       4.634685454826e-10 
  317       4.590533308523e-10 
  318       4.546518453791e-10 
  319       4.502651557982e-10 
  320       4.458943320707e-10 
  321       4.415404473186e-10 
  322       4.372045777605e-10 
  323       4.328878026465e-10 
  324       4.285912041941e-10 
  325       4.243158675232e-10 
  326       4.200628805915e-10 
  327       4.158333341301e-10 
  328       4.116283215786e-10 
  329       4.074489390207e-10 
  330       4.032962851194e-10 
  331       3.991714610523e-10 
  332       3.950755704474e-10 
  333       3.910097193179e-10 
  334       3.869750159979e-10 
  335       3.829725710778e-10 
  336       3.790034973394e-10 
  337       3.750689096915e-10 
  338       3.711699251054e-10 
  339       3.673076625498e-10 
  340       3.634832429265e-10 
  341       3.596977890060e-10 
  342       3.559524253621e-10 
  343       3.522482783083e-10 
  344       3.485864758321e-10 
  345       3.449681475313e-10 
  346       3.413944245487e-10 
  347       3.378664395079e-10 
  348       3.343853264484e-10 
  349       3.309521228260e-10 
  350       3.275674711534e-10 
  351       3.242319048396e-10 
  352       3.209459448471e-10 
  353       3.177100995306e-10 
  354       3.145248644764e-10 
  355       3.113907223414e-10 
  356       3.083081426925e-10 
  357       3.052775818454e-10 
  358       3.022994827040e-10 
  359       2.993742745995e-10 
  360       2.965023731297e-10 
  361       2.936841799979e-10 
  362       2.909200828521e-10 
  363       2.882104551245e-10 
  364       2.855556558701e-10 
  365       2.829560296063e-10 
  366       2.804119061519e-10 
  367       2.779236004663e-10 
  368       2.754914124885e-10 
  369       2.731156269767e-10 
  370       2.707965133467e-10 
  371       2.685343255118e-10 
  372       2.663293017216e-10 
  373       2.641816644011e-10 
  374       2.620916199902e-10 
  375       2.600593587825e-10 
  376       2.580850547644e-10 
  377       2.561688654548e-10 
  378       2.543109317437e-10 
  379       2.525113777317e-10 
  380       2.507703105687e-10 
  381       2.490878202937e-10 
  382       2.474639796736e-10 
  383       2.458988440423e-10 
  384       2.443924511400e-10 
  385       2.429448209521e-10 
  386       2.415559555490e-10 
  387       2.402258389244e-10 
  388       2.389544217866e-10 
  389       2.377415756305e-10 
  390       2.365871366318e-10 
  391       2.354909203683e-10 
  392       2.344527216465e-10 
  393       2.334723143295e-10 
  394       2.325494511639e-10 
  395       2.316838636068e-10 
  396       2.308752616534e-10 
  397       2.301233336639e-10 
  398       2.294277461906e-10 
  399       2.287881438056e-10 
  400       2.282041489273e-10 
  401       2.276753616482e-10 
  402       2.272013595618e-10 
  403       2.267816975897e-10 
  404       2.264159078091e-10 
  405       2.261034992797e-10 
  406       2.258439578710e-10 
  407       2.256367460898e-10 
  408       2.254813029067e-10 
  409       2.253770435839e-10 
  410       2.253233595021e-10 
  411       2.253196179880e-10 
  412       2.253651621410e-10 
  413       2.254593106607e-10 
  414       2.256013576744e-10 
  415       2.257905725635e-10 
  416       2.260261997913e-10 
  417       2.263074587303e-10 
  418       2.266335434887e-10 
  419       2.270036227384e-10 
  420       2.274168395416e-10 
  421       2.278723111784e-10 
  422       2.283691289734e-10 
  423       2.289063581239e-10 
  424       2.294830375260e-10 
  425       2.300981796026e-10 
  426       2.307507701300e-10 
  427       2.314398494905e-10 
  428       2.321647598255e-10 
  429       2.329249059508e-10 
  430       2.337196745729e-10 
  431       2.345484341692e-10 
  432       2.354105348691e-10 
  433       2.363053083342e-10 
  434       2.372320676395e-10 
  435       2.381901071535e-10 
  436       2.391787024191e-10 
  437       2.401971100343e-10 
  438       2.412445675331e-10 
  439       2.423202932654e-10 
  440       2.434234862786e-10 
  441       2.445533261974e-10 
  442       2.457089731051e-10 
  443       2.468895674240e-10 
  444       2.480942297960e-10 
  445       2.493220609633e-10 
  446       2.505721416492e-10 
  447       2.518435324385e-10 
  448       2.531352736584e-10 
  449       2.544463852591e-10 
  450       2.557758666944e-10 
  451       2.571226968022e-10 
  452       2.584858336856e-10 
  453       2.598642145930e-10 
  454       2.612567557994e-10 
  455       2.626623524864e-10 
  456       2.640798786233e-10 
  457       2.655081868477e-10 
  458       2.669461083458e-10 
  459       2.683924527337e-10 
  460       2.698460079374e-10 
  461       2.713055400740e-10 
  462       2.727697933320e-10 
  463       2.742374898519e-10 
  464       2.757073296073e-10 
  465       2.771779902852e-10 
  466       2.786482654715e-10 
  467       2.801174841955e-10 
  468       2.815851042396e-10 
  469       2.830505749755e-10 
  470       2.845133373204e-10 
  471       2.859728236944e-10 
  472       2.874284579772e-10 
  473       2.888796554650e-10 
  474       2.903258228276e-10 
  475       2.917663580652e-10 
  476       2.932006504651e-10 
  477       2.946280805593e-10 
  478       2.960480200807e-10 
  479       2.974598319202e-10 
  480       2.988628700839e-10 
  481       3.002564796498e-10 
  482       3.016399967247e-10 
  483       3.030127484014e-10 
  484       3.043740527151e-10 
  485       3.057232186007e-10 
  486       3.070595458499e-10 
  487       3.083823250675e-10 
  488       3.096908376289e-10 
  489       3.109843556369e-10 
  490       3.122621418783e-10 
  491       3.135234497812e-10 
  492       3.147675233717e-10 
  493       3.159935972310e-10 
  494       3.172008964520e-10 
  495       3.183886365968e-10 
  496       3.195560236529e-10 
  497       3.207022539906e-10 
  498       3.218265143200e-10 
  499       3.229279816474e-10 
  500       3.240058232327e-10 
  501       3.250591965462e-10 
  502       3.260872492255e-10 
  503       3.270891190323e-10 
  504       3.280639338095e-10 
  505       3.290109384883e-10 
  506       3.299298802215e-10 
  507       3.308206342607e-10 
  508       3.316830779258e-10 
  509       3.325170906219e-10 
  510       3.333225538555e-10 
  511       3.340993512513e-10 
  512       3.348473685688e-10 
  513       3.355664937188e-10 
  514       3.362566167801e-10 
  515       3.369176300160e-10 
  516       3.375494278908e-10 
  517       3.381519070865e-10 
  518       3.387249665196e-10 
  519       3.392685073570e-10 
  520       3.397824330336e-10 
  521       3.402666492678e-10 
  522       3.407210640790e-10 
  523       3.411455878037e-10 
  524       3.415401331119e-10 
  525       3.419046150244e-10 
  526       3.422389509287e-10 
  527       3.425430605959e-10 
  528       3.428168661971e-10 
  529       3.430602923205e-10 
  530       3.432732659871e-10 
  531       3.434557166681e-10 
  532       3.436075763011e-10 
  533       3.437287793066e-10 
  534       3.438192626051e-10 
  535       3.438789656329e-10 
  536       3.439078303594e-10 
  537       3.439058013033e-10 
  538       3.438728255494e-10 
  539       3.438088527647e-10 
  540       3.437138352158e-10 
  541       3.435877277848e-10 
  542       3.434304879862e-10 
  543       3.432420759833e-10 
  544       3.430225134977e-10 
  545       3.427720622348e-10 
  546       3.424910502657e-10 
  547       3.421798136064e-10 
  548       3.418386962582e-10 
  549       3.414680502486e-10 
  550       3.410682356709e-10 
  551       3.406396207255e-10 
  552       3.401825817599e-10 
  553       3.396975033090e-10 
  554       3.391847781358e-10 
  555       3.386448072716e-10 
  556       3.380780000566e-10 
  557       3.374847741802e-10 
  558       3.368655557215e-10 
  559       3.362207791898e-10 
  560       3.355508875647e-10 
  561       3.348563323368e-10 
  562       3.341375735481e-10 
  563       3.333950798325e-10 
  564       3.326293284558e-10 
  565       3.318408053567e-10 
  566       3.310300051868e-10 
  567       3.301974313512e-10 
  568       3.293435960489e-10 
  569       3.284690203134e-10 
  570       3.275742340525e-10 
  571       3.266597760895e-10 
  572       3.257261942032e-10 
  573       3.247740451685e-10 
  574       3.238038947964e-10 
  575       3.228163179752e-10 
  576       3.218118987101e-10 
  577       3.207912301641e-10 
  578       3.197549146985e-10 
  579       3.187035639129e-10 
  580       3.176377986859e-10 
  581       3.165582492156e-10 
  582       3.154655550597e-10 
  583       3.143603389882e-10 
  584       3.132431277402e-10 
  585       3.121144293669e-10 
  586       3.109747592721e-10 
  587       3.098246402431e-10 
  588       3.086646024822e-10 
  589       3.074951836375e-10 
  590       3.063169288344e-10 
  591       3.051303907067e-10 
  592       3.039361294277e-10 
  593       3.027347127415e-10 
  594       3.015267159942e-10 
  595       3.003127221651e-10 
  596       2.990933218976e-10 
  597       2.978691135310e-10 
  598       2.966407031310e-10 
  599       2.954087045215e-10 
  600       2.941737393153e-10 
  601       2.929364369457e-10 
  602       2.916974346974e-10 
  603       2.904573777377e-10 
  604       2.892169191480e-10 
  605       2.879767199545e-10 
  606       2.867374491601e-10 
  607       2.854997837746e-10 
  608       2.842644088469e-10 
  609       2.830320174956e-10 
  610       2.818033109404e-10 
  611       2.805789985330e-10 
  612       2.793597977888e-10 
  613       2.781464344177e-10 
  614       2.769396423554e-10 
  615       2.757401637947e-10 
  616       2.745487492164e-10 
  617       2.733661574208e-10 
  618       2.721931555589e-10 
  619       2.710305191632e-10 
  620       2.698790321793e-10 
  621       2.687394869971e-10 
  622       2.676126042511e-10 
  623       2.664987900963e-10 
  624       2.653983733082e-10 
  625       2.643116850052e-10 
  626       2.632390586545e-10 
  627       2.621808300789e-10 
  628       2.611373374628e-10 
  629       2.601089213589e-10 
  630       2.590959246942e-10 
  631       2.580986927766e-10 
  632       2.571175733010e-10 
  633       2.561529163558e-10 
  634       2.552050744295e-10 
  635       2.542744024164e-10 
  636       2.533612576237e-10 
  637       2.524659997771e-10 
  638       2.515889910279e-10 
  639       2.507305959588e-10 
  640       2.498911815903e-10 
  641       2.490711173873e-10 
  642       2.482707752654e-10 
  643       2.474905295970e-10 
  644       2.467307572179e-10 
  645       2.459918374335e-10 
  646       2.452741520252e-10 
  647       2.445780852568e-10 
  648       2.439040238807e-10 
  649       2.432523571446e-10 
  650       2.426234767972e-10 
  651       2.420177770952e-10 
  652       2.414356548094e-10 
  653       2.408775092309e-10 
  654       2.403437421776e-10 
  655       2.398347580006e-10 
  656       2.393509635904e-10 
  657       2.388927683834e-10 
  658       2.384605843681e-10 
  659       2.380548260914e-10 
  660       2.376759106654e-10 
  661       2.373241779427e-10 
  662       2.369996490997e-10 
  663       2.367022627424e-10 
  664       2.364319542395e-10 
  665       2.361886557064e-10 
  666       2.359722959903e-10 
  667       2.357828006540e-10 
  668       2.356200919609e-10 
  669       2.354840888591e-10 
  670       2.353747069658e-10 
  671       2.352918585522e-10 
  672       2.352354525276e-10 
  673       2.352053944238e-10 
  674       2.352015863798e-10 
  675       2.352239271261e-10 
  676       2.352723119692e-10 
  677       2.353466327761e-10 
  678       2.354467779587e-10 
  679       2.355726324580e-10 
  680       2.357240777293e-10 
  681       2.359009917257e-10 
  682       2.361032488833e-10 
  683       2.363307201052e-10 
  684       2.365832727464e-10 
  685       2.368607705978e-10 
  686       2.371630738707e-10 
  687       2.374900391817e-10 
  688       2.378415195367e-10 
  689       2.382173643155e-10 
  690       2.386174192562e-10 
  691       2.390415264399e-10 
  692       2.394895242748e-10 
  693       2.399612474810e-10 
  694       2.404565270745e-10 
  695       2.409751903523e-10 
  696       2.415170608761e-10 
  697       2.420819584575e-10 
  698       2.426696991419e-10 
  699       2.432800951931e-10 
  700       2.439129236452e-10 
  701       2.445678312692e-10 
  702       2.452444275960e-10 
  703       2.459423161465e-10 
  704       2.466610944085e-10 
  705       2.474003538135e-10 
  706       2.481596797133e-10 
  707       2.489386513571e-10 
  708       2.497368418679e-10 
  709       2.505538182193e-10 
  710       2.513891412127e-10 
  711       2.522423654535e-10 
  712       2.531130393282e-10 
  713       2.540007049812e-10 
  714       2.549048982912e-10 
  715       2.558251488485e-10 
  716       2.567609799314e-10 
  717       2.577119084829e-10 
  718       2.586774450880e-10 
  719       2.596570939498e-10 
  720       2.606503528665e-10 
  721       2.616567132086e-10 
  722       2.626756598950e-10 
  723       2.637066713701e-10 
  724       2.647492195807e-10 
  725       2.658027699524e-10 
  726       2.668667813668e-10 
  727       2.679407061379e-10 
  728       2.690239899890e-10 
  729       2.701160720295e-10 
  730       2.712163847317e-10 
  731       2.723243539075e-10 
  732       2.734393986851e-10 
  733       2.745609314860e-10 
  734       2.756883580014e-10 
  735       2.768210771694e-10 
  736       2.779584811515e-10 
  737       2.790999553094e-10 
  738       2.802448781816e-10 
  739       2.813926520058e-10 
  740       2.825427949906e-10 
  741       2.836948508190e-10 
  742       2.848483582511e-10 
  743       2.860028511081e-10 
  744       2.871578582553e-10 
  745       2.883129035862e-10 
  746       2.894675060053e-10 
  747       2.906211794119e-10 
  748       2.917734326838e-10 
  749       2.929237696601e-10 
  750       2.940716891255e-10 
  751       2.952166847930e-10 
  752       2.963582452880e-10 
  753       2.974958541314e-10 
  754       2.986289897231e-10 
  755       2.997571253255e-10 
  756       3.008797290473e-10 
  757       3.019962638262e-10 
  758       3.031061874134e-10 
  759       3.042089523561e-10 
  760       3.053040059815e-10 
  761       3.063907903802e-10 
  762       3.074687423897e-10 
  763       3.085372935776e-10 
  764       3.095958702254e-10 
  765       3.106438933120e-10 
  766       3.116807784966e-10 
  767       3.127059361030e-10 
  768       3.137187711025e-10 
  769       3.147186830973e-10 
  770       3.157050663046e-10 
  771       3.166773095394e-10 
  772       3.176347961983e-10 
  773       3.185769042429e-10 
  774       3.195030061833e-10 
  775       3.204124690615e-10 
  776       3.213046544350e-10 
  777       3.221789183601e-10 
  778       3.230346809356e-10 
  779       3.238716363972e-10 
  780       3.246895469301e-10 
  781       3.254881734633e-10 
  782       3.262672756666e-10 
  783       3.270266119481e-10 
  784       3.277659394513e-10 
  785       3.284850140521e-10 
  786       3.291835903567e-10 
  787       3.298614216981e-10 
  788       3.305182601339e-10 
  789       3.311538564431e-10 
  790       3.317679601239e-10 
  791       3.323603193903e-10 
  792       3.329306811698e-10 
  793       3.334787911006e-10 
  794       3.340043935284e-10 
  795       3.345072315044e-10 
  796       3.349870467819e-10 
  797       3.354435798138e-10 
  798       3.358765697498e-10 
  799       3.362857544338e-10 
  800       3.366708704008e-10 
  801       3.370316528745e-10 
  802       3.373678357644e-10 
  803       3.376791516629e-10 
  804       3.379653318428e-10 
  805       3.382261062543e-10 
  806       3.384612035225e-10 
  807       3.386703509445e-10 
  808       3.388532744865e-10 
  809       3.390096987813e-10 
  810       3.391393471255e-10 
  811       3.392419414767e-10 
  812       3.393172024505e-10 
  813       3.393648493181e-10 
  814       3.393846000035e-10 
  815       3.393761710806e-10 
  816       3.393392777704e-10 
  817       3.392736992240e-10 
  818       3.391794756544e-10 
  819       3.390567147206e-10 
  820       3.389055265695e-10 
  821       3.387260238454e-10 
  822       3.385183216986e-10 
  823       3.382825377946e-10 
  824       3.380187923228e-10 
  825       3.377272080058e-10 
  826       3.374079101082e-10 
  827       3.370610264455e-10 
  828       3.366866873931e-10 
  829       3.362850258954e-10 
  830       3.358561774747e-10 
  831       3.354002802400e-10 
  832       3.349174748961e-10 
  833       3.344079047526e-10 
  834       3.338717157330e-10 
  835       3.333090563832e-10 
  836       3.327200778809e-10 
  837       3.321049340446e-10 
  838       3.314637813420e-10 
  839       3.307967788998e-10 
  840       3.301040885119e-10 
  841       3.293858746488e-10 
  842       3.286423044665e-10 
  843       3.278735478153e-10 
  844       3.270797772491e-10 
  845       3.262611680340e-10 
  846       3.254178981574e-10 
  847       3.245501483371e-10 
  848       3.236581020301e-10 
  849       3.227419454415e-10 
  850       3.218018675339e-10 
  851       3.208380600357e-10 
  852       3.198507174506e-10 
  853       3.188400370663e-10 
  854       3.178062189638e-10 
  855       3.167494660257e-10 
  856       3.156700094189e-10 
  857       3.145681854981e-10 
  858       3.134443602311e-10 
  859       3.122989038580e-10 
  860       3.111321909039e-10 
  861       3.099446001923e-10 
  862       3.087365148585e-10 
  863       3.075083223619e-10 
  864       3.062604145002e-10 
  865       3.049931874217e-10 
  866       3.037070416388e-10 
  867       3.024023820411e-10 
  868       3.010796179084e-10 
  869       2.997391629241e-10 
  870       2.983814351880e-10 
  871       2.970068572297e-10 
  872       2.956158560216e-10 
  873       2.942088629921e-10 
  874       2.927863140385e-10 
  875       2.913486495407e-10 
  876       2.898963143736e-10 
  877       2.884297579208e-10 
  878       2.869494340875e-10 
  879       2.854558013136e-10 
  880       2.839493225869e-10 
  881       2.824304654562e-10 
  882       2.808997020447e-10 
  883       2.793575090625e-10 
  884       2.778043678204e-10 
  885       2.762407642427e-10 
  886       2.746671888804e-10 
  887       2.730841369242e-10 
  888       2.714921082179e-10 
  889       2.698916072714e-10 
  890       2.682831432737e-10 
  891       2.666672301062e-10 
  892       2.650443863558e-10 
  893       2.634151353280e-10 
  894       2.617800050602e-10 
  895       2.601395042868e-10 
  896       2.584940498797e-10 
  897       2.568440382506e-10 
  898       2.551898693005e-10 
  899       2.535319464297e-10 
  900       2.518706765470e-10 
  901       2.502064700793e-10 
  902       2.485397409812e-10 
  903       2.468709067446e-10 
  904       2.452003884080e-10 
  905       2.435286105664e-10 
  906       2.418560013803e-10 
  907       2.401829925858e-10 
  908       2.385100195038e-10 
  909       2.368375210496e-10 
  910       2.351659397425e-10 
  911       2.334957217152e-10 
  912       2.318273167234e-10 
  913       2.301611781556e-10 
  914       2.284977630420e-10 
  915       2.268375320648e-10 
  916       2.251809495672e-10 
  917       2.235284835629e-10 
  918       2.218806057461e-10 
  919       2.202377915007e-10 
  920       2.186005199099e-10 
  921       2.169692737655e-10 
  922       2.153445395779e-10 
  923       2.137268075855e-10 
  924       2.121165717637e-10 
  925       2.105143298354e-10 
  926       2.089205832796e-10 
  927       2.073358373415e-10 
  928       2.057606010417e-10 
  929       2.041953871863e-10 
  930       2.026407123756e-10 
  931       2.010970970142e-10 
  932       1.995650653206e-10 
  933       1.980451453362e-10 
  934       1.965378142147e-10 
  935       1.950433331312e-10 
  936       1.935619098104e-10 
  937       1.920937530160e-10 
  938       1.906390725521e-10 
  939       1.891980792656e-10 
  940       1.877709850480e-10 
  941       1.863580028375e-10 
  942       1.849593466211e-10 
  943       1.835752314365e-10 
  944       1.822058733742e-10 
  945       1.808514895793e-10 
  946       1.795122982539e-10 
  947       1.781885186587e-10 
  948       1.768803711154e-10 
  949       1.755880770083e-10 
  950       1.743118587867e-10 
  951       1.730519399668e-10 
  952       1.718085451334e-10 
  953       1.705818999425e-10 
  954       1.693722311228e-10 
  955       1.681797664781e-10 
  956       1.670047348888e-10 
  957       1.658473663146e-10 
  958       1.647078917960e-10 
  959       1.635865434565e-10 
  960       1.624835545046e-10 
  961       1.613991592356e-10 
  962       1.603335930342e-10 
  963       1.592870923759e-10 
  964       1.582598948292e-10 
  965       1.572522390578e-10 
  966       1.562643648225e-10 
  967       1.552965129830e-10 
  968       1.543489255003e-10 
  969       1.534218454385e-10 
  970       1.525155169668e-10 
  971       1.516301853615e-10 
  972       1.507660970081e-10 
  973       1.499234472433e-10 
  974       1.491022230190e-10 
  975       1.483023578805e-10 
  976       1.475237839080e-10 
  977       1.467664317119e-10 
  978       1.460302304283e-10 
  979       1.453151077141e-10 
  980       1.446209897431e-10 
  981       1.439478012006e-10 
  982       1.432954652794e-10 
  983       1.426639036750e-10 
  984       1.420530365808e-10 
  985       1.414627826839e-10 
  986       1.408930591604e-10 
  987       1.403437816705e-10 
  988       1.398148643544e-10 
  989       1.393062198273e-10 
  990       1.388177591750e-10 
  991       1.383493919492e-10 
  992       1.379010261633e-10 
  993       1.374725682872e-10 
  994       1.370639232430e-10 
  995       1.366749944007e-10 
  996       1.363056835730e-10 
  997       1.359558910114e-10 
  998       1.356255154009e-10 
  999       1.353144538560e-10 
 1000       1.350226019158e-10 
 1001       1.347498535394e-10 
 1002       1.344961011017e-10 
 1003       1.342612353880e-10 
 1004       1.340451455905e-10 
 1005       1.338477193026e-10 
 1006       1.336688425153e-10 
 1007       1.335083996117e-10 
 1008       1.333662733632e-10 
 1009       1.332423449245e-10 
 1010       1.331364938289e-10 
 1011       1.330485979842e-10 
 1012       1.329785116713e-10 
 1013       1.329259992041e-10 
 1014       1.328908003031e-10 
 1015       1.328726519978e-10 
 1016       1.328712886195e-10 
 1017       1.328864417941e-10 
 1018       1.329178404348e-10 
 1019       1.329652107352e-10 
 1020       1.330282761621e-10 
 1021       1.331067574480e-10 
 1022       1.332003725843e-10 
 1023       1.333088368142e-10 
 1024       1.334318626250e-10 
 1025       1.335691597415e-10 
 1026       1.337204351188e-10 
 1027       1.338853929345e-10 
 1028       1.340637345824e-10 
 1029       1.342551586647e-10 
 1030       1.344593609853e-10 
 1031       1.346760345421e-10 
 1032       1.349048695203e-10 
 1033       1.351455532852e-10 
 1034       1.353977703747e-10 
 1035       1.356612024924e-10 
 1036       1.359355285004e-10 
 1037       1.362204244122e-10 
 1038       1.365155633853e-10 
 1039       1.368206157143e-10 
 1040       1.371352488235e-10 
 1041       1.374591272601e-10 
 1042       1.377919126865e-10 
 1043       1.381332638736e-10 
 1044       1.384828366935e-10 
 1045       1.388402841121e-10 
 1046       1.392052561824e-10 
 1047       1.395774000369e-10 
 1048       1.399563598807e-10 
 1049       1.403417769842e-10 
 1050       1.407332896759e-10 
 1051       1.411305485952e-10 
 1052       1.415332626970e-10 
 1053       1.419411538723e-10 
 1054       1.423539417406e-10 
 1055       1.427713436450e-10 
 1056       1.431930746461e-10 
 1057       1.436188475170e-10 
 1058       1.440483727373e-10 
 1059       1.444813584879e-10 
 1060       1.449175106455e-10 
 1061       1.453565327769e-10 
 1062       1.457981261337e-10 
 1063       1.462419896465e-10 
 1064       1.466878199200e-10 
 1065       1.471353112266e-10 
 1066       1.475841555017e-10 
 1067       1.480340423376e-10 
 1068       1.484846589787e-10 
 1069       1.489356903149e-10 
 1070       1.493868188774e-10 
 1071       1.498377248320e-10 
 1072       1.502880859745e-10 
 1073       1.507375777245e-10 
 1074       1.511858731205e-10 
 1075       1.516326428140e-10 
 1076       1.520775550639e-10 
 1077       1.525202757314e-10 
 1078       1.529604682742e-10 
 1079       1.533977937411e-10 
 1080       1.538319107665e-10 
 1081       1.542624755647e-10 
 1082       1.546891419245e-10 
 1083       1.551115612041e-10 
 1084       1.555293823248e-10 
 1085       1.559422517662e-10 
 1086       1.563498135602e-10 
 1087       1.567517092859e-10 
 1088       1.571475780638e-10 
 1089       1.575370565503e-10 
 1090       1.579198175577e-10 
 1091       1.582956864912e-10 
 1092       1.586645264619e-10 
 1093       1.590261998010e-10 
 1094       1.593805680586e-10 
 1095       1.597274920019e-10 
 1096       1.600668316134e-10 
 1097       1.603984460898e-10 
 1098       1.607221938399e-10 
 1099       1.610379324832e-10 
 1100       1.613455188483e-10 
 1101       1.616448089712e-10 
 1102       1.619356580938e-10 
 1103       1.622179206622e-10 
 1104       1.624914503252e-10 
 1105       1.627560999324e-10 
 1106       1.630117215331e-10 
 1107       1.632581663741e-10 
 1108       1.634952848986e-10 
 1109       1.637229267442e-10 
 1110       1.639409407417e-10 
 1111       1.641491749129e-10 
 1112       1.643474764696e-10 
 1113       1.645356918118e-10 
 1114       1.647136665256e-10 
 1115       1.648812453825e-10 
 1116       1.650382723370e-10 
 1117       1.651845905254e-10 
 1118       1.653200422640e-10 
 1119       1.654444690476e-10 
 1120       1.655577115478e-10 
 1121       1.656596096116e-10 
 1122       1.657500022594e-10 
 1123       1.658287276840e-10 
 1124       1.658956232481e-10 
 1125       1.659505254836e-10 
 1126       1.659932700894e-10 
 1127       1.660236919301e-10 
 1128       1.660416250342e-10 
 1129       1.660469400381e-10 
 1130       1.660396570518e-10 
 1131       1.660198342511e-10 
 1132       1.659875305661e-10 
 1133       1.659428056833e-10 
 1134       1.658857200477e-10 
 1135       1.658163348643e-10 
 1136       1.657347121002e-10 
 1137       1.656409144866e-10 
 1138       1.655350055208e-10 
 1139       1.654170494677e-10 
 1140       1.652871113622e-10 
 1141       1.651452570107e-10 
 1142       1.649915529932e-10 
 1143       1.648260666653e-10 
 1144       1.646488661600e-10 
 1145       1.644600203896e-10 
 1146       1.642595990477e-10 
 1147       1.640476726108e-10 
 1148       1.638243123409e-10 
 1149       1.635895902865e-10 
 1150       1.633435792854e-10 
 1151       1.630863529658e-10 
 1152       1.628179857491e-10 
 1153       1.625385528508e-10 
 1154       1.622481302832e-10 
 1155       1.619467948571e-10 
 1156       1.616346241835e-10 
 1157       1.613116966758e-10 
 1158       1.609780915514e-10 
 1159       1.606338888340e-10 
 1160       1.602791693552e-10 
 1161       1.599140147564e-10 
 1162       1.595385074911e-10 
 1163       1.591527308263e-10 
 1164       1.587567688447e-10 
 1165       1.583507064466e-10 
 1166       1.579346293518e-10 
 1167       1.575086241014e-10 
 1168       1.570727943237e-10 
 1169       1.566273097510e-10 
 1170       1.561723578196e-10 
 1171       1.557081274654e-10 
 1172       1.552348091272e-10 
 1173       1.547525947495e-10 
 1174       1.542616777867e-10 
 1175       1.537622532057e-10 
 1176       1.532545174894e-10 
 1177       1.527386686406e-10 
 1178       1.522149061843e-10 
 1179       1.516834311723e-10 
 1180       1.511444461853e-10 
 1181       1.505981553371e-10 
 1182       1.500447642778e-10 
 1183       1.494844801966e-10 
 1184       1.489175118259e-10 
 1185       1.483440694442e-10 
 1186       1.477643648794e-10 
 1187       1.471786115125e-10 
 1188       1.465870242804e-10 
 1189       1.459898196797e-10 
 1190       1.453872157701e-10 
 1191       1.447794321773e-10 
 1192       1.441666900965e-10 
 1193       1.435492122960e-10 
 1194       1.429272231203e-10 
 1195       1.423009484934e-10 
 1196       1.416706159224e-10 
 1197       1.410364545006e-10 
 1198       1.403986949110e-10 
 1199       1.397575694292e-10 
 1200       1.391133119277e-10 
 1201       1.384661578782e-10 
 1202       1.378163443554e-10 
 1203       1.371641100406e-10 
 1204       1.365096952245e-10 
 1205       1.358533418109e-10 
 1206       1.351952933201e-10 
 1207       1.345357847976e-10 
 1208       1.338750124022e-10 
 1209       1.332131634563e-10 
 1210       1.325504265096e-10 
 1211       1.318869913413e-10 
 1212       1.312230489629e-10 
 1213       1.305587916205e-10 
 1214       1.298944127973e-10 
 1215       1.292301072162e-10 
 1216       1.285660708424e-10 
 1217       1.279025008857e-10 
 1218       1.272395958031e-10 
 1219       1.265775553013e-10 
 1220       1.259165803394e-10 
 1221       1.252568731310e-10 
 1222       1.245986371471e-10 
 1223       1.239420771185e-10 
 1224       1.232873990381e-10 
 1225       1.226348101637e-10 
 1226       1.219845190204e-10 
 1227       1.213367354030e-10 
 1228       1.206916703787e-10 
 1229       1.200495362896e-10 
 1230       1.194105467550e-10 
 1231       1.187749166740e-10 
 1232       1.181428622281e-10 
 1233       1.175146008839e-10 
 1234       1.168903513950e-10 
 1235       1.162703338050e-10 
 1236       1.156547694501e-10 
 1237       1.150438809613e-10 
 1238       1.144378922667e-10 
 1239       1.138370285948e-10 
 1240       1.132415164763e-10 
 1241       1.126515837468e-10 
 1242       1.120674595495e-10 
 1243       1.114893743374e-10 
 1244       1.109175598762e-10 
 1245       1.103522492463e-10 
 1246       1.097936504367e-10 
 1247       1.092418667806e-10 
 1248       1.086969755910e-10 
 1249       1.081590544858e-10 
 1250       1.076281813881e-10 
 1251       1.071044345268e-10 
 1252       1.065878924370e-10 
 1253       1.060786339605e-10 
 1254       1.055767382461e-10 
 1255       1.050822847506e-10 
 1256       1.045953532385e-10 
 1257       1.041160237831e-10 
 1258       1.036443767667e-10 
 1259       1.031804928811e-10 
 1260       1.027244531281e-10 
 1261       1.022763388198e-10 
 1262       1.018362315795e-10 
 1263       1.014042133417e-10 
 1264       1.009803663528e-10 
 1265       1.005647731715e-10 
 1266       1.001575166695e-10 
 1267       9.975868003146e-11 
 1268       9.936834675607e-11 
 1269       9.898660065611e-11 
 1270       9.861352585906e-11 
 1271       9.824920680756e-11 
 1272       9.789372825989e-11 
 1273       9.754717529043e-11 
 1274       9.720963329013e-11 
 1275       9.688118796697e-11 
 1276       9.656192534647e-11 
 1277       9.625193177211e-11 
 1278       9.595129390583e-11 
 1279       9.566009872849e-11 
 1280       9.537843354037e-11 
 1281       9.510638596158e-11 
 1282       9.484404393258e-11 
 1283       9.459149571466e-11 
 1284       9.434882989036e-11 
 1285       9.411611015233e-11 
 1286       9.389329935501e-11 
 1287       9.368033459976e-11 
 1288       9.347715236678e-11 
 1289       9.328368851378e-11 
 1290       9.309987827456e-11 
 1291       9.292565625769e-11 
 1292       9.276095644513e-11 
 1293       9.260571219090e-11 
 1294       9.245985621969e-11 
 1295       9.232332062549e-11 
 1296       9.219603687027e-11 
 1297       9.207793578260e-11 
 1298       9.196894755627e-11 
 1299       9.186900174897e-11 
 1300       9.177802728089e-11 
 1301       9.169595243338e-11 
 1302       9.162270484761e-11 
 1303       9.155821152317e-11 
 1304       9.150239881671e-11 
 1305       9.145519244063e-11 
 1306       9.141651746168e-11 
 1307       9.138629829958e-11 
 1308       9.136445872573e-11 
 1309       9.135092186177e-11 
 1310       9.134561017828e-11 
 1311       9.134844549338e-11 
 1312       9.135934897141e-11 
 1313       9.137824112151e-11 
 1314       9.140504179633e-11 
 1315       9.143967019062e-11 
 1316       9.148204483989e-11 
 1317       9.153208361905e-11 
 1318       9.158970374103e-11 
 1319       9.165482175545e-11 
 1320       9.172735354725e-11 
 1321       9.180721433531e-11 
 1322       9.189431867111e-11 
 1323       9.198858043736e-11 
 1324       9.208990280394e-11 
 1325       9.219814797693e-11 
 1326       9.231316711279e-11 
 1327       9.243481032874e-11 
 1328       9.256292670068e-11 
 1329       9.269736426117e-11 
 1330       9.283796999737e-11 
 1331       9.298458984901e-11 
 1332       9.313706870630e-11 
 1333       9.329525040795e-11 
 1334       9.345897773907e-11 
 1335       9.362809242913e-11 
 1336       9.380243514994e-11 
 1337       9.398184551356e-11 
 1338       9.416616207031e-11 
 1339       9.435522230667e-11 
 1340       9.454886264326e-11 
 1341       9.474691843277e-11 
 1342       9.494922395795e-11 
 1343       9.515561242954e-11 
 1344       9.536591598422e-11 
 1345       9.557996568256e-11 
 1346       9.579759150700e-11 
 1347       9.601862235977e-11 
 1348       9.624288606085e-11 
 1349       9.647020934596e-11 
 1350       9.670041786444e-11 
 1351       9.693333617728e-11 
 1352       9.716878775503e-11 
 1353       9.740659497574e-11 
 1354       9.764657912297e-11 
 1355       9.788856038368e-11 
 1356       9.813235784622e-11 
 1357       9.837778949827e-11 
 1358       9.862467222480e-11 
 1359       9.887282180601e-11 
 1360       9.912205291531e-11 
 1361       9.937217911722e-11 
 1362       9.962301286540e-11 
 1363       9.987437403315e-11 
 1364       1.001261156094e-10 
 1365       1.003780982744e-10 
 1366       1.006301818904e-10 
 1367       1.008822255006e-10 
 1368       1.011340873271e-10 
 1369       1.013856247699e-10 
 1370       1.016366944051e-10 
 1371       1.018871519833e-10 
 1372       1.021368524286e-10 
 1373       1.023856498366e-10 
 1374       1.026333974732e-10 
 1375       1.028799477729e-10 
 1376       1.031251523375e-10 
 1377       1.033688619345e-10 
 1378       1.036109264955e-10 
 1379       1.038511951149e-10 
 1380       1.040895160483e-10 
 1381       1.043257367112e-10 
 1382       1.045597036770e-10 
 1383       1.047912626760e-10 
 1384       1.050202585938e-10 
 1385       1.052465354696e-10 
 1386       1.054699364950e-10 
 1387       1.056903040121e-10 
 1388       1.059074795126e-10 
 1389       1.061213036356e-10 
 1390       1.063316161667e-10 
 1391       1.065382560361e-10 
 1392       1.067410613174e-10 
 1393       1.069398692258e-10 
 1394       1.071345161170e-10 
 1395       1.073248374853e-10 
 1396       1.075106679623e-10 
 1397       1.076918413154e-10 
 1398       1.078681904463e-10 
 1399       1.080395473895e-10 
 1400       1.082057433108e-10 
 1401       1.083666085057e-10 
 1402       1.085219921253e-10 
 1403       1.086718215817e-10 
 1404       1.088160437590e-10 
 1405       1.089546053424e-10 
 1406       1.090874528175e-10 
 1407       1.092145324704e-10 
 1408       1.093357903871e-10 
 1409       1.094511724533e-10 
 1410       1.095606243543e-10 
 1411       1.096640915743e-10 
 1412       1.097615193964e-10 
 1413       1.098528529025e-10 
 1414       1.099380369724e-10 
 1415       1.100170162841e-10 
 1416       1.100897353132e-10 
 1417       1.101561383327e-10 
 1418       1.102161694126e-10 
 1419       1.102697724198e-10 
 1420       1.103168910177e-10 
 1421       1.103574686658e-10 
 1422       1.103914486196e-10 
 1423       1.104187739302e-10 
 1424       1.104393874440e-10 
 1425       1.104532318026e-10 
 1426       1.104602494421e-10 
 1427       1.104603825932e-10 
 1428       1.104535732807e-10 
 1429       1.104397633234e-10 
 1430       1.104188943333e-10 
 1431       1.103909077162e-10 
 1432       1.103557446705e-10 
 1433       1.103133461875e-10 
 1434       1.102636530507e-10 
 1435       1.102066058358e-10 
 1436       1.101421449106e-10 
 1437       1.100702104338e-10 
 1438       1.099907423560e-10 
 1439       1.099036804183e-10 
 1440       1.098089641525e-10 
 1441       1.097065513837e-10 
 1442       1.095964739431e-10 
 1443       1.094787825202e-10 
 1444       1.093535282116e-10 
 1445       1.092207625219e-10 
 1446       1.090805373647e-10 
 1447       1.089329050631e-10 
 1448       1.087779183508e-10 
 1449       1.086156303725e-10 
 1450       1.084460946848e-10 
 1451       1.082693652573e-10 
 1452       1.080854964728e-10 
 1453       1.078945431285e-10 
 1454       1.076965604367e-10 
 1455       1.074916040255e-10 
 1456       1.072797299396e-10 
 1457       1.070609946411e-10 
 1458       1.068354550102e-10 
 1459       1.066031683460e-10 
 1460       1.063641923675e-10 
 1461       1.061185852139e-10 
 1462       1.058664054460e-10 
 1463       1.056077120464e-10 
 1464       1.053425644205e-10 
 1465       1.050710223974e-10 
 1466       1.047931462305e-10 
 1467       1.045089965983e-10 
 1468       1.042186346054e-10 
 1469       1.039221217829e-10 
 1470       1.036195200894e-10 
 1471       1.033108919117e-10 
 1472       1.029963000658e-10 
 1473       1.026758077973e-10 
 1474       1.023494787825e-10 
 1475       1.020173771288e-10 
 1476       1.016795673762e-10 
 1477       1.013361144970e-10 
 1478       1.009870838977e-10 
 1479       1.006325414188e-10 
 1480       1.002725608263e-10 
 1481       9.990724636274e-11 
 1482       9.953671042013e-11 
 1483       9.916106607161e-11 
 1484       9.878042707254e-11 
 1485       9.839490786167e-11 
 1486       9.800462356236e-11 
 1487       9.760968998374e-11 
 1488       9.721022362192e-11 
 1489       9.680634166116e-11 
 1490       9.639816197506e-11 
 1491       9.598580312774e-11 
 1492       9.556938437503e-11 
 1493       9.514902566566e-11 
 1494       9.472484764246e-11 
 1495       9.429697164349e-11 
 1496       9.386551970330e-11 
 1497       9.343061455406e-11 
 1498       9.299237962677e-11 
 1499       9.255093905245e-11 
 1500       9.210641766329e-11 
 1501       9.165894099390e-11 
 1502       9.120863528242e-11 
 1503       9.075562747178e-11 
 1504       9.030004521082e-11 
 1505       8.984201685552e-11 
 1506       8.938167147017e-11 
 1507       8.891913882857e-11 
 1508       8.845454941516e-11 
 1509       8.798803442630e-11 
 1510       8.751972577138e-11 
 1511       8.704975607401e-11 
 1512       8.657825867327e-11 
 1513       8.610536762481e-11 
 1514       8.563121770210e-11 
 1515       8.515594439760e-11 
 1516       8.467968392390e-11 
 1517       8.420257321499e-11 
 1518       8.372474992737e-11 
 1519       8.324634661774e-11 
 1520       8.276747321219e-11 
 1521       8.228823437055e-11 
 1522       8.180873529549e-11 
 1523       8.132908173340e-11 
 1524       8.084937997526e-11 
 1525       8.036973685754e-11 
 1526       7.989025976310e-11 
 1527       7.941105662203e-11 
 1528       7.893223591255e-11 
 1529       7.845390666192e-11 
 1530       7.797617844728e-11 
 1531       7.749916139657e-11 
 1532       7.702296618939e-11 
 1533       7.654770405790e-11 
 1534       7.607348678767e-11 
 1535       7.560042671861e-11 
 1536       7.512863674582e-11 
 1537       7.465823032048e-11 
 1538       7.418932145075e-11 
 1539       7.372202470261e-11 
 1540       7.325645520080e-11 
 1541       7.279272862967e-11 
 1542       7.233096123405e-11 
 1543       7.187126982017e-11 
 1544       7.141377175651e-11 
 1545       7.095858497472e-11 
 1546       7.050582797045e-11 
 1547       7.005561980428e-11 
 1548       6.960808010259e-11 
 1549       6.916332905843e-11 
 1550       6.872148743241e-11 
 1551       6.828267655359e-11 
 1552       6.784701832037e-11 
 1553       6.741463520135e-11 
 1554       6.698565023622e-11 
 1555       6.656018703665e-11 
 1556       6.613836978717e-11 
 1557       6.572032324608e-11 
 1558       6.530615889598e-11 
 1559       6.489593325168e-11 
 1560       6.448968916262e-11 
 1561       6.408746962785e-11 
 1562       6.368931779624e-11 
 1563       6.329527696667e-11 
 1564       6.290539058819e-11 
 1565       6.251970226030e-11 
 1566       6.213825573308e-11 
 1567       6.176109490740e-11 
 1568       6.138826383515e-11 
 1569       6.101980671941e-11 
 1570       6.065576791466e-11 
 1571       6.029619192697e-11 
 1572       5.994112341422e-11 
 1573       5.959060718627e-11 
 1574       5.924468820518e-11 
 1575       5.890341158540e-11 
 1576       5.856682259397e-11 
 1577       5.823496665072e-11 
 1578       5.790788932847e-11 
 1579       5.758563635322e-11 
 1580       5.726825360435e-11 
 1581       5.695578711486e-11 
 1582       5.664828307148e-11 
 1583       5.634578781497e-11 
 1584       5.604834784024e-11 
 1585       5.575600979660e-11 
 1586       5.546882048791e-11 
 1587       5.518682687285e-11 
 1588       5.491007606503e-11 
 1589       5.463861533328e-11 
 1590       5.437249210175e-11 
 1591       5.411175395022e-11 
 1592       5.385644861420e-11 
 1593       5.360662398518e-11 
 1594       5.336232811083e-11 
 1595       5.312360919518e-11 
 1596       5.289051559883e-11 
 1597       5.266308263689e-11 
 1598       5.244129284026e-11 
 1599       5.222511533072e-11 
 1600       5.201451898973e-11 
 1601       5.180947245803e-11 
 1602       5.160994413519e-11 
 1603       5.141590217917e-11 
 1604       5.122731450596e-11 
 1605       5.104414878910e-11 
 1606       5.086637245928e-11 
 1607       5.069395270393e-11 
 1608       5.052685646678e-11 
 1609       5.036505044742e-11 
 1610       5.020850110095e-11 
 1611       5.005717463746e-11 
 1612       4.991103702168e-11 
 1613       4.977005397254e-11 
 1614       4.963419096274e-11 
 1615       4.950341321832e-11 
 1616       4.937768571826e-11 
 1617       4.925697319404e-11 
 1618       4.914124012924e-11 
 1619       4.903045075909e-11 
 1620       4.892456907006e-11 
 1621       4.882355879945e-11 
 1622       4.872738343495e-11 
 1623       4.863600621423e-11 
 1624       4.854939012450e-11 
 1625       4.846749790211e-11 
 1626       4.839029203214e-11 
 1627       4.831773474792e-11 
 1628       4.824978803066e-11 
 1629       4.818641360903e-11 
 1630       4.812757295871e-11 
 1631       4.807322730196e-11 
 1632       4.802333760724e-11 
 1633       4.797786458877e-11 
 1634       4.793676870609e-11 
 1635       4.790001016364e-11 
 1636       4.786754327635e-11 
 1637       4.783929951196e-11 
 1638       4.781520429619e-11 
 1639       4.779518263236e-11 
 1640       4.777915910063e-11 
 1641       4.776705785742e-11 
 1642       4.775880263468e-11 
 1643       4.775431673924e-11 
 1644       4.775352305210e-11 
 1645       4.775634402782e-11 
 1646       4.776270169377e-11 
 1647       4.777251764952e-11 
 1648       4.778571306612e-11 
 1649       4.780220868545e-11 
 1650       4.782192481956e-11 
 1651       4.784478134993e-11 
 1652       4.787069772688e-11 
 1653       4.789959296884e-11 
 1654       4.793138566169e-11 
 1655       4.796599395810e-11 
 1656       4.800333557681e-11 
 1657       4.804332780204e-11 
 1658       4.808588748272e-11 
 1659       4.813093103187e-11 
 1660       4.817837442592e-11 
 1661       4.822813320404e-11 
 1662       4.828012246744e-11 
 1663       4.833425687871e-11 
 1664       4.839045066116e-11 
 1665       4.844861759813e-11 
 1666       4.850867103230e-11 
 1667       4.857052386506e-11 
 1668       4.863408855579e-11 
 1669       4.869927712122e-11 
 1670       4.876600113473e-11 
 1671       4.883417172569e-11 
 1672       4.890369957877e-11 
 1673       4.897449493330e-11 
 1674       4.904646758254e-11 
 1675       4.911953040073e-11 
 1676       4.919360995902e-11 
 1677       4.926863600089e-11 
 1678       4.934453792239e-11 
 1679       4.942124477160e-11 
 1680       4.949868524815e-11 
 1681       4.957678770263e-11 
 1682       4.965548013613e-11 
 1683       4.973469019968e-11 
 1684       4.981434519372e-11 
 1685       4.989437206762e-11 
 1686       4.997469741911e-11 
 1687       5.005524749376e-11 
 1688       5.013594818450e-11 
 1689       5.021672503105e-11 
 1690       5.029750321942e-11 
 1691       5.037820758137e-11 
 1692       5.045876259391e-11 
 1693       5.053909237873e-11 
 1694       5.061912070176e-11 
 1695       5.069877097255e-11 
 1696       5.077796624381e-11 
 1697       5.085662921087e-11 
 1698       5.093468221114e-11 
 1699       5.101204722362e-11 
 1700       5.108864586834e-11 
 1701       5.116439940585e-11 
 1702       5.123922873671e-11 
 1703       5.131305440097e-11 
 1704       5.138579657759e-11 
 1705       5.145737508400e-11 
 1706       5.152770937550e-11 
 1707       5.159671854481e-11 
 1708       5.166432132147e-11 
 1709       5.173043607138e-11 
 1710       5.179498079623e-11 
 1711       5.185787313301e-11 
 1712       5.191903035346e-11 
 1713       5.197836936357e-11 
 1714       5.203581586840e-11 
 1715       5.209133195311e-11 
 1716       5.214488873636e-11 
 1717       5.219645722614e-11 
 1718       5.224600831961e-11 
 1719       5.229351280300e-11 
 1720       5.233894135141e-11 
 1721       5.238226452871e-11 
 1722       5.242345278734e-11 
 1723       5.246247646818e-11 
 1724       5.249930580043e-11 
 1725       5.253391090141e-11 
 1726       5.256626177644e-11 
 1727       5.259632831870e-11 
 1728       5.262408030906e-11 
 1729       5.264948741591e-11 
 1730       5.267251919508e-11 
 1731       5.269314508963e-11 
 1732       5.271133442970e-11 
 1733       5.272705643240e-11 
 1734       5.274028020164e-11 
 1735       5.275097472796e-11 
 1736       5.275910888843e-11 
 1737       5.276465144644e-11 
 1738       5.276757105160e-11 
 1739       5.276783623957e-11 
 1740       5.276541543191e-11 
 1741       5.276027693592e-11 
 1742       5.275238894453e-11 
 1743       5.274171953610e-11 
 1744       5.272823667431e-11 
 1745       5.271190820797e-11 
 1746       5.269270187093e-11 
 1747       5.267058528188e-11 
 1748       5.264552594420e-11 
 1749       5.261749124586e-11 
 1750       5.258644845920e-11 
 1751       5.255236474084e-11 
 1752       5.251520713152e-11 
 1753       5.247495143319e-11 
 1754       5.243160892179e-11 
 1755       5.238519985718e-11 
 1756       5.233574462627e-11 
 1757       5.228326374326e-11 
 1758       5.222777784980e-11 
 1759       5.216930771520e-11 
 1760       5.210787423664e-11 
 1761       5.204349843934e-11 
 1762       5.197620147677e-11 
 1763       5.190600463087e-11 
 1764       5.183292931220e-11 
 1765       5.175699706018e-11 
 1766       5.167822954327e-11 
 1767       5.159664855914e-11 
 1768       5.151227603494e-11 
 1769       5.142513402740e-11 
 1770       5.133524472311e-11 
 1771       5.124263043867e-11 
 1772       5.114731362091e-11 
 1773       5.104931684708e-11 
 1774       5.094866282502e-11 
 1775       5.084537439343e-11 
 1776       5.073947452196e-11 
 1777       5.063098631152e-11 
 1778       5.051993299438e-11 
 1779       5.040633793444e-11 
 1780       5.029022462739e-11 
 1781       5.017161670089e-11 
 1782       5.005053791483e-11 
 1783       4.992701216146e-11 
 1784       4.980106346563e-11 
 1785       4.967271598495e-11 
 1786       4.954199401003e-11 
 1787       4.940892196466e-11 
 1788       4.927352440597e-11 
 1789       4.913582602469e-11 
 1790       4.899585164531e-11 
 1791       4.885362622628e-11 
 1792       4.870917871672e-11 
 1793       4.856255366056e-11 
 1794       4.841379968756e-11 
 1795       4.826296566574e-11 
 1796       4.811010070169e-11 
 1797       4.795525414095e-11 
 1798       4.779847556833e-11 
 1799       4.763981480826e-11 
 1800       4.747932192513e-11 
 1801       4.731704722361e-11 
 1802       4.715304124904e-11 
 1803       4.698735478771e-11 
 1804       4.682003886724e-11 
 1805       4.665114475693e-11 
 1806       4.648072396806e-11 
 1807       4.630882825426e-11 
 1808       4.613550961186e-11 
 1809       4.596082028019e-11 
 1810       4.578481274197e-11 
 1811       4.560753972361e-11 
 1812       4.542905419559e-11 
 1813       4.524940937277e-11 
 1814       4.506865871473e-11 
 1815       4.488685592613e-11 
 1816       4.470405495705e-11 
 1817       4.452031000332e-11 
 1818       4.433567550686e-11 
 1819       4.415020615604e-11 
 1820       4.396395688597e-11 
 1821       4.377698287894e-11 
 1822       4.358933956463e-11 
 1823       4.340108262058e-11 
 1824       4.321226797243e-11 
 1825       4.302295179433e-11 
 1826       4.283319050922e-11 
 1827       4.264304078923e-11 
 1828       4.245255955600e-11 
 1829       4.226180398099e-11 
 1830       4.207083148587e-11 
 1831       4.187969749735e-11 
 1832       4.168844869146e-11 
 1833       4.149712969600e-11 
 1834       4.130578533131e-11 
 1835       4.111446061057e-11 
 1836       4.092320074006e-11 
 1837       4.073205111941e-11 
 1838       4.054105734188e-11 
 1839       4.035026519459e-11 
 1840       4.015972065880e-11 
 1841       3.996946991016e-11 
 1842       3.977955931901e-11 
 1843       3.959003545056e-11 
 1844       3.940094506524e-11 
 1845       3.921233511890e-11 
 1846       3.902425276310e-11 
 1847       3.883674534535e-11 
 1848       3.864986040940e-11 
 1849       3.846364569547e-11 
 1850       3.827814914052e-11 
 1851       3.809341887851e-11 
 1852       3.790950324070e-11 
 1853       3.772645075583e-11 
 1854       3.754431015045e-11 
 1855       3.736313034916e-11 
 1856       3.718296047485e-11 
 1857       3.700384984899e-11 
 1858       3.682584799188e-11 
 1859       3.664900462290e-11 
 1860       3.647336966080e-11 
 1861       3.629899322390e-11 
 1862       3.612592563045e-11 
 1863       3.595421739877e-11 
 1864       3.578391924763e-11 
 1865       3.561508209640e-11 
 1866       3.544775706541e-11 
 1867       3.528199547614e-11 
 1868       3.511784885150e-11 
 1869       3.495536891611e-11 
 1870       3.479460158600e-11 
 1871       3.463556888580e-11 
 1872       3.447828689054e-11 
 1873       3.432277172344e-11 
 1874       3.416903955594e-11 
 1875       3.401710660774e-11 
 1876       3.386698914688e-11 
 1877       3.371870348980e-11 
 1878       3.357226600137e-11 
 1879       3.342769309496e-11 
 1880       3.328500123248e-11 
 1881       3.314420692445e-11 
 1882       3.300532673006e-11 
 1883       3.286837725720e-11 
 1884       3.273337516253e-11 
 1885       3.260033715154e-11 
 1886       3.246927997860e-11 
 1887       3.234022044699e-11 
 1888       3.221317540900e-11 
 1889       3.208816176595e-11 
 1890       3.196519646825e-11 
 1891       3.184429651549e-11 
 1892       3.172547895641e-11 
 1893       3.160876088907e-11 
 1894       3.149415946079e-11 
 1895       3.138169186830e-11 
 1896       3.127137535772e-11 
 1897       3.116322722467e-11 
 1898       3.105726481430e-11 
 1899       3.095350552131e-11 
 1900       3.085196679010e-11 
 1901       3.075266611472e-11 
 1902       3.065562103898e-11 
 1903       3.056084915650e-11 
 1904       3.046836811076e-11 
 1905       3.037819559515e-11 
 1906       3.029034935302e-11 
 1907       3.020484717775e-11 
 1908       3.012170691280e-11 
 1909       3.004094067311e-11 
 1910       2.996253746080e-11 
 1911       2.988648041631e-11 
 1912       2.981275258482e-11 
 1913       2.974133691609e-11 
 1914       2.967221626435e-11 
 1915       2.960537338814e-11 
 1916       2.954079095020e-11 
 1917       2.947845151732e-11 
 1918       2.941833756020e-11 
 1919       2.936043145331e-11 
 1920       2.930471547480e-11 
 1921       2.925117180628e-11 
 1922       2.919978253278e-11 
 1923       2.915052964254e-11 
 1924       2.910339502691e-11 
 1925       2.905836048020e-11 
 1926       2.901540769956e-11 
 1927       2.897451828482e-11 
 1928       2.893567373839e-11 
 1929       2.889885546508e-11 
 1930       2.886404477202e-11 
 1931       2.883122286846e-11 
 1932       2.880037086568e-11 
 1933       2.877146977684e-11 
 1934       2.874450051684e-11 
 1935       2.871944390221e-11 
 1936       2.869628065092e-11 
 1937       2.867499138231e-11 
 1938       2.865555661690e-11 
 1939       2.863795677630e-11 
 1940       2.862217218302e-11 
 1941       2.860818306039e-11 
 1942       2.859596953239e-11 
 1943       2.858551162354e-11 
 1944       2.857678925872e-11 
 1945       2.856978226308e-11 
 1946       2.856447036188e-11 
 1947       2.856083318038e-11 
 1948       2.855884782202e-11 
 1949       2.855848158350e-11 
 1950       2.855969918469e-11 
 1951       2.856246518515e-11 
 1952       2.856674398387e-11 
 1953       2.857249981908e-11 
 1954       2.857969676805e-11 
 1955       2.858829874684e-11 
 1956       2.859826951012e-11 
 1957       2.860957265094e-11 
 1958       2.862217160054e-11 
 1959       2.863602962810e-11 
 1960       2.865110984059e-11 
 1961       2.866737518247e-11 
 1962       2.868478843557e-11 
 1963       2.870331221879e-11 
 1964       2.872290898798e-11 
 1965       2.874354103565e-11 
 1966       2.876517049079e-11 
 1967       2.878775931866e-11 
 1968       2.881126932057e-11 
 1969       2.883566213368e-11 
 1970       2.886089923078e-11 
 1971       2.888694192005e-11 
 1972       2.891375134490e-11 
 1973       2.894128848374e-11 
 1974       2.896951414972e-11 
 1975       2.899838899061e-11 
 1976       2.902787348850e-11 
 1977       2.905792795962e-11 
 1978       2.908851255416e-11 
 1979       2.911958725600e-11 
 1980       2.915111188254e-11 
 1981       2.918304608449e-11 
 1982       2.921534934561e-11 
 1983       2.924798098255e-11 
 1984       2.928090014462e-11 
 1985       2.931406581356e-11 
 1986       2.934743680335e-11 
 1987       2.938097345899e-11 
 1988       2.941464276681e-11 
 1989       2.944841328141e-11 
 1990       2.948225342985e-11 
 1991       2.951613151154e-11 
 1992       2.955001569807e-11 
 1993       2.958387403306e-11 
 1994       2.961767443196e-11 
 1995       2.965138468193e-11 
 1996       2.968497244167e-11 
 1997       2.971840524125e-11 
 1998       2.975165048196e-11 
 1999       2.978467543612e-11 
 2000       2.981744724698e-11 
 2001       2.984993292849e-11 
 2002       2.988209936519e-11 
 2003       2.991391331203e-11 
 2004       2.994534139421e-11 
 2005       2.997635010700e-11 
 2006       3.000690581563e-11 
 2007       3.003697475509e-11 
 2008       3.006652302997e-11 
 2009       3.009551661431e-11 
 2010       3.012392135143e-11 
 2011       3.015170295380e-11 
 2012       3.017882700284e-11 
 2013       3.020525894877e-11 
 2014       3.023096411046e-11 
 2015       3.025590767527e-11 
 2016       3.028005469888e-11 
 2017       3.030337010514e-11 
 2018       3.032581868587e-11 
 2019       3.034736510078e-11 
 2020       3.036797387723e-11 
 2021       3.038760941011e-11 
 2022       3.040623596165e-11 
 2023       3.042381766133e-11 
 2024       3.044031850560e-11 
 2025       3.045570235786e-11 
 2026       3.046993715202e-11 
 2027       3.048300753723e-11 
 2028       3.049490232422e-11 
 2029       3.050561028974e-11 
 2030       3.051512017649e-11 
 2031       3.052342069314e-11 
 2032       3.053050051420e-11 
 2033       3.053634828007e-11 
 2034       3.054095259695e-11 
 2035       3.054430203684e-11 
 2036       3.054638513745e-11 
 2037       3.054719040222e-11 
 2038       3.054670630025e-11 
 2039       3.054492126625e-11 
 2040       3.054182370055e-11 
 2041       3.053740196901e-11 
 2042       3.053164440301e-11 
 2043       3.052453929942e-11 
 2044       3.051607492052e-11 
 2045       3.050623949403e-11 
 2046       3.049502121300e-11 
 2047       3.048240823582e-11 
 2048       3.046838868618e-11 
 2049       3.045295065299e-11 
 2050       3.043608219040e-11 
 2051       3.041777131773e-11 
 2052       3.039800601943e-11 
 2053       3.037677424505e-11 
 2054       3.035406390921e-11 
 2055       3.032986289154e-11 
 2056       3.030415903668e-11 
 2057       3.027694015418e-11 
 2058       3.024819401854e-11 
 2059       3.021790836911e-11 
 2060       3.018607091008e-11 
 2061       3.015266931045e-11 
 2062       3.011769120395e-11 
 2063       3.008112418907e-11 
 2064       3.004295582896e-11 
 2065       3.000317768174e-11 
 2066       2.996179742273e-11 
 2067       2.991882680807e-11 
 2068       2.987427765226e-11 
 2069       2.982816182827e-11 
 2070       2.978049126759e-11 
 2071       2.973127796030e-11 
 2072       2.968053395519e-11 
 2073       2.962827135976e-11 
 2074       2.957450234038e-11 
 2075       2.951923912229e-11 
 2076       2.946249398973e-11 
 2077       2.940427928600e-11 
 2078       2.934460741350e-11 
 2079       2.928349083388e-11 
 2080       2.922094206805e-11 
 2081       2.915697369626e-11 
 2082       2.909159835823e-11 
 2083       2.902482875316e-11 
 2084       2.895667763986e-11 
 2085       2.888715783678e-11 
 2086       2.881628222211e-11 
 2087       2.874406373385e-11 
 2088       2.867051536991e-11 
 2089       2.859565018813e-11 
 2090       2.851948130641e-11 
 2091       2.844202190275e-11 
 2092       2.836328521536e-11 
 2093       2.828328454268e-11 
 2094       2.820203324354e-11 
 2095       2.811954473714e-11 
 2096       2.803583250320e-11 
 2097       2.795091008199e-11 
 2098       2.786479107445e-11 
 2099       2.777748914221e-11 
 2100       2.768901800771e-11 
 2101       2.759939145425e-11 
 2102       2.750862332608e-11 
 2103       2.741672752849e-11 
 2104       2.732371978140e-11 
 2105       2.722962289355e-11 
 2106       2.713446152516e-11 
 2107       2.703826043786e-11 
 2108       2.694104449480e-11 
 2109       2.684283866077e-11 
 2110       2.674366800233e-11 
 2111       2.664355768791e-11 
 2112       2.654253298797e-11 
 2113       2.644061927509e-11 
 2114       2.633784202413e-11 
 2115       2.623422681231e-11 
 2116       2.612979931936e-11 
 2117       2.602458532763e-11 
 2118       2.591861072223e-11 
 2119       2.581190149115e-11 
 2120       2.570448372535e-11 
 2121       2.559638361893e-11 
 2122       2.548762746924e-11 
 2123       2.537824167697e-11 
 2124       2.526825274631e-11 
 2125       2.515768728507e-11 
 2126       2.504657200479e-11 
 2127       2.493493372086e-11 
 2128       2.482279935267e-11 
 2129       2.471019592369e-11 
 2130       2.459715056163e-11 
 2131       2.448369049856e-11 
 2132       2.436984307100e-11 
 2133       2.425563572009e-11 
 2134       2.414109599168e-11 
 2135       2.402625153646e-11 
 2136       2.391113011009e-11 
 2137       2.379575957331e-11 
 2138       2.368016789210e-11 
 2139       2.356438313774e-11 
 2140       2.344843348700e-11 
 2141       2.333234722220e-11 
 2142       2.321615273139e-11 
 2143       2.309987746066e-11 
 2144       2.298354476312e-11 
 2145       2.286717702865e-11 
 2146       2.275079672983e-11 
 2147       2.263442642201e-11 
 2148       2.251808874343e-11 
 2149       2.240180641531e-11 
 2150       2.228560224194e-11 
 2151       2.216949911079e-11 
 2152       2.205351999256e-11 
 2153       2.193768794136e-11 
 2154       2.182202609472e-11 
 2155       2.170655767374e-11 
 2156       2.159130598315e-11 
 2157       2.147629441145e-11 
 2158       2.136154643095e-11 
 2159       2.124708559792e-11 
 2160       2.113293555265e-11 
 2161       2.101912001956e-11 
 2162       2.090566280728e-11 
 2163       2.079258780877e-11 
 2164       2.067991900141e-11 
 2165       2.056768044707e-11 
 2166       2.045589629225e-11 
 2167       2.034459076813e-11 
 2168       2.023378819069e-11 
 2169       2.012351296082e-11 
 2170       2.001378956437e-11 
 2171       1.990464257231e-11 
 2172       1.979609664075e-11 
 2173       1.968817651111e-11 
 2174       1.958090701015e-11 
 2175       1.947431305014e-11 
 2176       1.936841962887e-11 
 2177       1.926325182980e-11 
 2178       1.915883482217e-11 
 2179       1.905519386104e-11 
 2180       1.895235428742e-11 
 2181       1.885034152838e-11 
 2182       1.874917830737e-11 
 2183       1.864887625471e-11 
 2184       1.854944424101e-11 
 2185       1.845089116184e-11 
 2186       1.835322593776e-11 
 2187       1.825645751435e-11 
 2188       1.816059486218e-11 
 2189       1.806564697693e-11 
 2190       1.797162287934e-11 
 2191       1.787853161525e-11 
 2192       1.778638225566e-11 
 2193       1.769518389672e-11 
 2194       1.760494565976e-11 
 2195       1.751567669133e-11 
 2196       1.742738616321e-11 
 2197       1.734008327246e-11 
 2198       1.725377724141e-11 
 2199       1.716847731771e-11 
 2200       1.708419277435e-11 
 2201       1.700093290969e-11 
 2202       1.691870704748e-11 
 2203       1.683752453687e-11 
 2204       1.675739475246e-11 
 2205       1.667832709433e-11 
 2206       1.660033098804e-11 
 2207       1.652341588466e-11 
 2208       1.644759126083e-11 
 2209       1.637286661872e-11 
 2210       1.629925148614e-11 
 2211       1.622675541647e-11 
 2212       1.615538798877e-11 
 2213       1.608515880776e-11 
 2214       1.601607750386e-11 
 2215       1.594815373321e-11 
 2216       1.588139717769e-11 
 2217       1.581581754495e-11 
 2218       1.575142456846e-11 
 2219       1.568822800749e-11 
 2220       1.562623764717e-11 
 2221       1.556546054835e-11 
 2222       1.550589277733e-11 
 2223       1.544752762167e-11 
 2224       1.539035833537e-11 
 2225       1.533437813879e-11 
 2226       1.527958021864e-11 
 2227       1.522595772790e-11 
 2228       1.517350378585e-11 
 2229       1.512221147794e-11 
 2230       1.507207385583e-11 
 2231       1.502308393728e-11 
 2232       1.497523470616e-11 
 2233       1.492851911238e-11 
 2234       1.488293007187e-11 
 2235       1.483846046649e-11 
 2236       1.479510314408e-11 
 2237       1.475285091831e-11 
 2238       1.471169656872e-11 
 2239       1.467163284064e-11 
 2240       1.463265244518e-11 
 2241       1.459474805912e-11 
 2242       1.455791232497e-11 
 2243       1.452213785084e-11 
 2244       1.448741721045e-11 
 2245       1.445374294305e-11 
 2246       1.442110755343e-11 
 2247       1.438950351182e-11 
 2248       1.435892325391e-11 
 2249       1.432935918074e-11 
 2250       1.430080365871e-11 
 2251       1.427324901954e-11 
 2252       1.424668756020e-11 
 2253       1.422111154285e-11 
 2254       1.419651319489e-11 
 2255       1.417288470880e-11 
 2256       1.415021824219e-11 
 2257       1.412850591772e-11 
 2258       1.410773982305e-11 
 2259       1.408791201083e-11 
 2260       1.406901322213e-11 
 2261       1.405102904790e-11 
 2262       1.403394374259e-11 
 2263       1.401774149827e-11 
 2264       1.400240644464e-11 
 2265       1.398792264886e-11 
 2266       1.397427411557e-11 
 2267       1.396144478675e-11 
 2268       1.394941854170e-11 
 2269       1.393817919691e-11 
 2270       1.392771050606e-11 
 2271       1.391799615990e-11 
 2272       1.390901978617e-11 
 2273       1.390076494959e-11 
 2274       1.389321515171e-11 
 2275       1.388635383089e-11 
 2276       1.388016436223e-11 
 2277       1.387463005746e-11 
 2278       1.386973416491e-11 
 2279       1.386545986940e-11 
 2280       1.386179029223e-11 
 2281       1.385870849102e-11 
 2282       1.385619745971e-11 
 2283       1.385424012848e-11 
 2284       1.385281936364e-11 
 2285       1.385191796760e-11 
 2286       1.385151867876e-11 
 2287       1.385160417148e-11 
 2288       1.385215705598e-11 
 2289       1.385315987828e-11 
 2290       1.385459512013e-11 
 2291       1.385644519893e-11 
 2292       1.385869246766e-11 
 2293       1.386131921482e-11 
 2294       1.386430766434e-11 
 2295       1.386763997552e-11 
 2296       1.387129824298e-11 
 2297       1.387526449653e-11 
 2298       1.387952070116e-11 
 2299       1.388404933031e-11 
 2300       1.388883508997e-11 
 2301       1.389386320538e-11 
 2302       1.389911884867e-11 
 2303       1.390458713877e-11 
 2304       1.391025314135e-11 
 2305       1.391610186876e-11 
 2306       1.392211827997e-11 
 2307       1.392828728053e-11 
 2308       1.393459372250e-11 
 2309       1.394102240437e-11 
 2310       1.394755807104e-11 
 2311       1.395418541375e-11 
 2312       1.396088906999e-11 
 2313       1.396765362349e-11 
 2314       1.397446360412e-11 
 2315       1.398130348788e-11 
 2316       1.398815769678e-11 
 2317       1.399501059883e-11 
 2318       1.400184650796e-11 
 2319       1.400864968397e-11 
 2320       1.401540433246e-11 
 2321       1.402209460480e-11 
 2322       1.402870459803e-11 
 2323       1.403521835483e-11 
 2324       1.404161986346e-11 
 2325       1.404789305770e-11 
 2326       1.405402181677e-11 
 2327       1.405998996531e-11 
 2328       1.406578127329e-11 
 2329       1.407137945597e-11 
 2330       1.407676817383e-11 
 2331       1.408193103252e-11 
 2332       1.408685158280e-11 
 2333       1.409151332046e-11 
 2334       1.409589968631e-11 
 2335       1.409999406608e-11 
 2336       1.410377979036e-11 
 2337       1.410724013460e-11 
 2338       1.411036008213e-11 
 2339       1.411313162581e-11 
 2340       1.411554849949e-11 
 2341       1.411760441787e-11 
 2342       1.411929307647e-11 
 2343       1.412060815160e-11 
 2344       1.412154330034e-11 
 2345       1.412209216054e-11 
 2346       1.412224835078e-11 
 2347       1.412200547035e-11 
 2348       1.412135709926e-11 
 2349       1.412029679818e-11 
 2350       1.411881810843e-11 
 2351       1.411691455201e-11 
 2352       1.411457963149e-11 
 2353       1.411180683007e-11 
 2354       1.410858961151e-11 
 2355       1.410492142016e-11 
 2356       1.410079568089e-11 
 2357       1.409620579908e-11 
 2358       1.409114516064e-11 
 2359       1.408560713193e-11 
 2360       1.407958505980e-11 
 2361       1.407307227152e-11 
 2362       1.406606207481e-11 
 2363       1.405854775776e-11 
 2364       1.405052258886e-11 
 2365       1.404197981697e-11 
 2366       1.403291267128e-11 
 2367       1.402331436132e-11 
 2368       1.401317807690e-11 
 2369       1.400249698815e-11 
 2370       1.399126424542e-11 
 2371       1.397947297935e-11 
 2372       1.396711630078e-11 
 2373       1.395418730076e-11 
 2374       1.394067905053e-11 
 2375       1.392658460150e-11 
 2376       1.391189698521e-11 
 2377       1.389661100599e-11 
 2378       1.388072863079e-11 
 2379       1.386425363251e-11 
 2380       1.384718980035e-11 
 2381       1.382954093987e-11 
 2382       1.381131087297e-11 
 2383       1.379250343793e-11 
 2384       1.377312248943e-11 
 2385       1.375317189856e-11 
 2386       1.373265555284e-11 
 2387       1.371157735625e-11 
 2388       1.368994122921e-11 
 2389       1.366775110867e-11 
 2390       1.364501094804e-11 
 2391       1.362172471728e-11 
 2392       1.359789640289e-11 
 2393       1.357353000793e-11 
 2394       1.354862955202e-11 
 2395       1.352319907141e-11 
 2396       1.349724261893e-11 
 2397       1.347076426406e-11 
 2398       1.344376809294e-11 
 2399       1.341625820838e-11 
 2400       1.338823872985e-11 
 2401       1.335971379356e-11 
 2402       1.333068755244e-11 
 2403       1.330116417615e-11 
 2404       1.327114785111e-11 
 2405       1.324064278055e-11 
 2406       1.320965318447e-11 
 2407       1.317818329969e-11 
 2408       1.314623737989e-11 
 2409       1.311381969557e-11 
 2410       1.308093453414e-11 
 2411       1.304758619985e-11 
 2412       1.301377901392e-11 
 2413       1.297951731445e-11 
 2414       1.294480545651e-11 
 2415       1.290964781213e-11 
 2416       1.287404961825e-11 
 2417       1.283801952616e-11 
 2418       1.280156706756e-11 
 2419       1.276470180805e-11 
 2420       1.272743334718e-11 
 2421       1.268977131847e-11 
 2422       1.265172538948e-11 
 2423       1.261330526180e-11 
 2424       1.257452067111e-11 
 2425       1.253538138723e-11 
 2426       1.249589721411e-11 
 2427       1.245607798993e-11 
 2428       1.241593358706e-11 
 2429       1.237547391219e-11 
 2430       1.233470890626e-11 
 2431       1.229364854459e-11 
 2432       1.225230283684e-11 
 2433       1.221068182711e-11 
 2434       1.216879559392e-11 
 2435       1.212665425028e-11 
 2436       1.208426794374e-11 
 2437       1.204164685637e-11 
 2438       1.199880120484e-11 
 2439       1.195574124046e-11 
 2440       1.191247724919e-11 
 2441       1.186901955167e-11 
 2442       1.182537850330e-11 
 2443       1.178156449423e-11 
 2444       1.173758794943e-11 
 2445       1.169345932869e-11 
 2446       1.164918912669e-11 
 2447       1.160478787301e-11 
 2448       1.156026613220e-11 
 2449       1.151563450375e-11 
 2450       1.147090362222e-11 
 2451       1.142608415719e-11 
 2452       1.138118681335e-11 
 2453       1.133622233049e-11 
 2454       1.129120148359e-11 
 2455       1.124613482406e-11 
 2456       1.120103190188e-11 
 2457       1.115590203887e-11 
 2458       1.111075458713e-11 
 2459       1.106559892901e-11 
 2460       1.102044447716e-11 
 2461       1.097530067456e-11 
 2462       1.093017699457e-11 
 2463       1.088508294091e-11 
 2464       1.084002804775e-11 
 2465       1.079502187970e-11 
 2466       1.075007403187e-11 
 2467       1.070519412985e-11 
 2468       1.066039182982e-11 
 2469       1.061567681851e-11 
 2470       1.057105881326e-11 
 2471       1.052654756204e-11 
 2472       1.048215284352e-11 
 2473       1.043788446703e-11 
 2474       1.039375227264e-11 
 2475       1.034976613121e-11 
 2476       1.030593594434e-11 
 2477       1.026227164450e-11 
 2478       1.021878319498e-11 
 2479       1.017548058996e-11 
 2480       1.013237385455e-11 
 2481       1.008947304477e-11 
 2482       1.004678824766e-11 
 2483       1.000432958123e-11 
 2484       9.962107194535e-12 
 2485       9.920131267701e-12 
 2486       9.878412011949e-12 
 2487       9.836959669629e-12 
 2488       9.795784514250e-12 
 2489       9.754896850508e-12 
 2490       9.714307014321e-12 
 2491       9.674025372858e-12 
 2492       9.634062324568e-12 
 2493       9.594428299212e-12 
 2494       9.555128104297e-12 
 2495       9.516143928044e-12 
 2496       9.477452236688e-12 
 2497       9.439029418935e-12 
 2498       9.400851785886e-12 
 2499       9.362895570956e-12 
 2500       9.325136929796e-12 
