# dimensionless total [l(l+1)/2pi] C_l's
# for l=2 to 2500, i.e. number of multipoles equal to 2499
#
# -> if you prefer output in CAMB/HealPix/LensPix units/order, set 'format' to 'camb' in input file
# -> if you don't want to see such a header, set 'headers' to 'no' in input file
#
# 1:l     2:TT                 
    2       1.495438367992e-10 
    3       1.409365390776e-10 
    4       1.324622107260e-10 
    5       1.257504561059e-10 
    6       1.208055692255e-10 
    7       1.173296417108e-10 
    8       1.150035452331e-10 
    9       1.135827807536e-10 
   10       1.128526047071e-10 
   11       1.126729562272e-10 
   12       1.129344086907e-10 
   13       1.135178947864e-10 
   14       1.143246540995e-10 
   15       1.153613562979e-10 
   16       1.165878623285e-10 
   17       1.179229273888e-10 
   18       1.193694421384e-10 
   19       1.209352385544e-10 
   20       1.225650729348e-10 
   21       1.242707813841e-10 
   22       1.260517685020e-10 
   23       1.278973762220e-10 
   24       1.297757644198e-10 
   25       1.317037054879e-10 
   26       1.336933232534e-10 
   27       1.357257327007e-10 
   28       1.377653295418e-10 
   29       1.398218923707e-10 
   30       1.419097228014e-10 
   31       1.440327371206e-10 
   32       1.461938258079e-10 
   33       1.483862698719e-10 
   34       1.505971678292e-10 
   35       1.528331086176e-10 
   36       1.551018242975e-10 
   37       1.574056704896e-10 
   38       1.597451496276e-10 
   39       1.621153209380e-10 
   40       1.645039694423e-10 
   41       1.668972201777e-10 
   42       1.693002454174e-10 
   43       1.717221315176e-10 
   44       1.741698983708e-10 
   45       1.766481792641e-10 
   46       1.791587594642e-10 
   47       1.817004570903e-10 
   48       1.842689142859e-10 
   49       1.868563335738e-10 
   50       1.894546777483e-10 
   51       1.920669051703e-10 
   52       1.946983284401e-10 
   53       1.973533191389e-10 
   54       2.000352071739e-10 
   55       2.027463330023e-10 
   56       2.054884500857e-10 
   57       2.082622461085e-10 
   58       2.110671062220e-10 
   59       2.139010183459e-10 
   60       2.167604784692e-10 
   61       2.196419739570e-10 
   62       2.225470367697e-10 
   63       2.254781616108e-10 
   64       2.284372842643e-10 
   65       2.314257369652e-10 
   66       2.344442037696e-10 
   67       2.374926759255e-10 
   68       2.405709217371e-10 
   69       2.436801064770e-10 
   70       2.468214220446e-10 
   71       2.499955706066e-10 
   72       2.532027331260e-10 
   73       2.564425378904e-10 
   74       2.597140290412e-10 
   75       2.630156351025e-10 
   76       2.663458118264e-10 
   77       2.697051756360e-10 
   78       2.730947038567e-10 
   79       2.765150775547e-10 
   80       2.799666638925e-10 
   81       2.834494984855e-10 
   82       2.869632677583e-10 
   83       2.905072913005e-10 
   84       2.940808880272e-10 
   85       2.976845830527e-10 
   86       3.013190694722e-10 
   87       3.049848313178e-10 
   88       3.086821323658e-10 
   89       3.124110049429e-10 
   90       3.161712387330e-10 
   91       3.199623695839e-10 
   92       3.237836683140e-10 
   93       3.276344004065e-10 
   94       3.315146740840e-10 
   95       3.354246996825e-10 
   96       3.393645227541e-10 
   97       3.433340165920e-10 
   98       3.473328747558e-10 
   99       3.513606035964e-10 
  100       3.554165147811e-10 
  101       3.594997178190e-10 
  102       3.636091125856e-10 
  103       3.677433818484e-10 
  104       3.719012731780e-10 
  105       3.760825041536e-10 
  106       3.802869660715e-10 
  107       3.845144412352e-10 
  108       3.887645986608e-10 
  109       3.930369897817e-10 
  110       3.973310441542e-10 
  111       4.016460651625e-10 
  112       4.059812257240e-10 
  113       4.103355639941e-10 
  114       4.147079790718e-10 
  115       4.190972267048e-10 
  116       4.235020905898e-10 
  117       4.279219290840e-10 
  118       4.323561872081e-10 
  119       4.368042242857e-10 
  120       4.412653112012e-10 
  121       4.457386276575e-10 
  122       4.502232594339e-10 
  123       4.547181956435e-10 
  124       4.592223259914e-10 
  125       4.637344380320e-10 
  126       4.682532144270e-10 
  127       4.727772302030e-10 
  128       4.773049500093e-10 
  129       4.818348906557e-10 
  130       4.863661347098e-10 
  131       4.908978683219e-10 
  132       4.954292194509e-10 
  133       4.999592563056e-10 
  134       5.044869857841e-10 
  135       5.090113519150e-10 
  136       5.135312342974e-10 
  137       5.180454465415e-10 
  138       5.225527347089e-10 
  139       5.270517757533e-10 
  140       5.315411759604e-10 
  141       5.360194693888e-10 
  142       5.404851163105e-10 
  143       5.449365016506e-10 
  144       5.493720648923e-10 
  145       5.537907075146e-10 
  146       5.581914229445e-10 
  147       5.625731679034e-10 
  148       5.669348616028e-10 
  149       5.712753849403e-10 
  150       5.755935796957e-10 
  151       5.798882477270e-10 
  152       5.841581501659e-10 
  153       5.884020066145e-10 
  154       5.926184943407e-10 
  155       5.968062474743e-10 
  156       6.009638562031e-10 
  157       6.050898659687e-10 
  158       6.091827766625e-10 
  159       6.132410418216e-10 
  160       6.172630678251e-10 
  161       6.212473247231e-10 
  162       6.251926914277e-10 
  163       6.290981396542e-10 
  164       6.329626247442e-10 
  165       6.367850853757e-10 
  166       6.405644432727e-10 
  167       6.442996029145e-10 
  168       6.479894512454e-10 
  169       6.516328573841e-10 
  170       6.552286723337e-10 
  171       6.587757286910e-10 
  172       6.622728403558e-10 
  173       6.657188022410e-10 
  174       6.691123899818e-10 
  175       6.724523596456e-10 
  176       6.757374474412e-10 
  177       6.789663694284e-10 
  178       6.821378212282e-10 
  179       6.852504777313e-10 
  180       6.883030808729e-10 
  181       6.912947113616e-10 
  182       6.942245380420e-10 
  183       6.970917318054e-10 
  184       6.998954656230e-10 
  185       7.026349145807e-10 
  186       7.053092559125e-10 
  187       7.079176690347e-10 
  188       7.104593355796e-10 
  189       7.129334394296e-10 
  190       7.153391667510e-10 
  191       7.176757060283e-10 
  192       7.199422480976e-10 
  193       7.221379861809e-10 
  194       7.242621159198e-10 
  195       7.263138354098e-10 
  196       7.282923452338e-10 
  197       7.301968484964e-10 
  198       7.320265508574e-10 
  199       7.337806605663e-10 
  200       7.354583884957e-10 
  201       7.370590058693e-10 
  202       7.385820219686e-10 
  203       7.400270192003e-10 
  204       7.413935967462e-10 
  205       7.426813707682e-10 
  206       7.438899746122e-10 
  207       7.450190590130e-10 
  208       7.460682922984e-10 
  209       7.470373605939e-10 
  210       7.479259680272e-10 
  211       7.487338369322e-10 
  212       7.494607080541e-10 
  213       7.501063407531e-10 
  214       7.506705132097e-10 
  215       7.511530226284e-10 
  216       7.515536854424e-10 
  217       7.518723375185e-10 
  218       7.521088343607e-10 
  219       7.522630513154e-10 
  220       7.523348837753e-10 
  221       7.523242473844e-10 
  222       7.522310782419e-10 
  223       7.520553331069e-10 
  224       7.517970091644e-10 
  225       7.514562043106e-10 
  226       7.510330611399e-10 
  227       7.505277479811e-10 
  228       7.499404591488e-10 
  229       7.492714151941e-10 
  230       7.485208631560e-10 
  231       7.476890768119e-10 
  232       7.467763569293e-10 
  233       7.457830315162e-10 
  234       7.447094560724e-10 
  235       7.435560138405e-10 
  236       7.423231160571e-10 
  237       7.410112022034e-10 
  238       7.396207402567e-10 
  239       7.381522269409e-10 
  240       7.366061879782e-10 
  241       7.349831783393e-10 
  242       7.332837824953e-10 
  243       7.315086146681e-10 
  244       7.296583190814e-10 
  245       7.277335702123e-10 
  246       7.257350730418e-10 
  247       7.236635633059e-10 
  248       7.215198077468e-10 
  249       7.193046043638e-10 
  250       7.170187560364e-10 
  251       7.146629891870e-10 
  252       7.122380309108e-10 
  253       7.097446353804e-10 
  254       7.071835840458e-10 
  255       7.045556858346e-10 
  256       7.018617773520e-10 
  257       6.991027230810e-10 
  258       6.962794155824e-10 
  259       6.933927756951e-10 
  260       6.904437527359e-10 
  261       6.874333246999e-10 
  262       6.843624984605e-10 
  263       6.812323099693e-10 
  264       6.780438244565e-10 
  265       6.747981366307e-10 
  266       6.714963708796e-10 
  267       6.681396814691e-10 
  268       6.647292527444e-10 
  269       6.612662993295e-10 
  270       6.577520663275e-10 
  271       6.541878295207e-10 
  272       6.505748955708e-10 
  273       6.469146022186e-10 
  274       6.432083184847e-10 
  275       6.394574448690e-10 
  276       6.356634135513e-10 
  277       6.318276885911e-10 
  278       6.279517661279e-10 
  279       6.240370950241e-10 
  280       6.200848338330e-10 
  281       6.160960816296e-10 
  282       6.120719565108e-10 
  283       6.080135956736e-10 
  284       6.039221554927e-10 
  285       5.997988115985e-10 
  286       5.956447589550e-10 
  287       5.914612119377e-10 
  288       5.872494044115e-10 
  289       5.830105898086e-10 
  290       5.787460412064e-10 
  291       5.744570514051e-10 
  292       5.701449330061e-10 
  293       5.658110184898e-10 
  294       5.614566602930e-10 
  295       5.570832308874e-10 
  296       5.526921228570e-10 
  297       5.482847489766e-10 
  298       5.438625422889e-10 
  299       5.394269561832e-10 
  300       5.349794644727e-10 
  301       5.305215614725e-10 
  302       5.260547620780e-10 
  303       5.215806018419e-10 
  304       5.171006370531e-10 
  305       5.126164448137e-10 
  306       5.081296231174e-10 
  307       5.036417909274e-10 
  308       4.991545882539e-10 
  309       4.946696762326e-10 
  310       4.901887372020e-10 
  311       4.857134747817e-10 
  312       4.812454979628e-10 
  313       4.767859672765e-10 
  314       4.723359323599e-10 
  315       4.678964463989e-10 
  316       4.634685660640e-10 
  317       4.590533514446e-10 
  318       4.546518659856e-10 
  319       4.502651764219e-10 
  320       4.458943527140e-10 
  321       4.415404679836e-10 
  322       4.372045984487e-10 
  323       4.328878233590e-10 
  324       4.285912249316e-10 
  325       4.243158882857e-10 
  326       4.200629013786e-10 
  327       4.158333549409e-10 
  328       4.116283424118e-10 
  329       4.074489598742e-10 
  330       4.032963059906e-10 
  331       3.991714819382e-10 
  332       3.950755913442e-10 
  333       3.910097402212e-10 
  334       3.869750369029e-10 
  335       3.829725919789e-10 
  336       3.790035182304e-10 
  337       3.750689305656e-10 
  338       3.711699459550e-10 
  339       3.673076833667e-10 
  340       3.634832637020e-10 
  341       3.596978097303e-10 
  342       3.559524460250e-10 
  343       3.522482988986e-10 
  344       3.485864963381e-10 
  345       3.449681679404e-10 
  346       3.413944448475e-10 
  347       3.378664596823e-10 
  348       3.343853464834e-10 
  349       3.309521427060e-10 
  350       3.275674908628e-10 
  351       3.242319243632e-10 
  352       3.209459641698e-10 
  353       3.177101186378e-10 
  354       3.145248833536e-10 
  355       3.113907409746e-10 
  356       3.083081610679e-10 
  357       3.052775999494e-10 
  358       3.022995005235e-10 
  359       2.993742921218e-10 
  360       2.965023903424e-10 
  361       2.936841968888e-10 
  362       2.909200994096e-10 
  363       2.882104713372e-10 
  364       2.855556717272e-10 
  365       2.829560450973e-10 
  366       2.804119212668e-10 
  367       2.779236151955e-10 
  368       2.754914268228e-10 
  369       2.731156409073e-10 
  370       2.707965268655e-10 
  371       2.685343386110e-10 
  372       2.663293143938e-10 
  373       2.641816766397e-10 
  374       2.620916317889e-10 
  375       2.600593701355e-10 
  376       2.580850656667e-10 
  377       2.561688759017e-10 
  378       2.543109417311e-10 
  379       2.525113872560e-10 
  380       2.507703196272e-10 
  381       2.490878288840e-10 
  382       2.474639877941e-10 
  383       2.458988516919e-10 
  384       2.443924583182e-10 
  385       2.429448276593e-10 
  386       2.415559617860e-10 
  387       2.402258446928e-10 
  388       2.389544270885e-10 
  389       2.377415804683e-10 
  390       2.365871410079e-10 
  391       2.354909242851e-10 
  392       2.344527251065e-10 
  393       2.334723173354e-10 
  394       2.325494537182e-10 
  395       2.316838657123e-10 
  396       2.308752633129e-10 
  397       2.301233348801e-10 
  398       2.294277469664e-10 
  399       2.287881441439e-10 
  400       2.282041488312e-10 
  401       2.276753611207e-10 
  402       2.272013586060e-10 
  403       2.267816962088e-10 
  404       2.264159060063e-10 
  405       2.261034970583e-10 
  406       2.258439552345e-10 
  407       2.256367430414e-10 
  408       2.254812994500e-10 
  409       2.253770397224e-10 
  410       2.253233552395e-10 
  411       2.253196133278e-10 
  412       2.253651570869e-10 
  413       2.254593052166e-10 
  414       2.256013518440e-10 
  415       2.257905663507e-10 
  416       2.260261932001e-10 
  417       2.263074517647e-10 
  418       2.266335361527e-10 
  419       2.270036150362e-10 
  420       2.274168314773e-10 
  421       2.278723027561e-10 
  422       2.283691201976e-10 
  423       2.289063489988e-10 
  424       2.294830280560e-10 
  425       2.300981697921e-10 
  426       2.307507599836e-10 
  427       2.314398390128e-10 
  428       2.321647490211e-10 
  429       2.329248948244e-10 
  430       2.337196631293e-10 
  431       2.345484224135e-10 
  432       2.354105228062e-10 
  433       2.363052959694e-10 
  434       2.372320549779e-10 
  435       2.381900942005e-10 
  436       2.391786891801e-10 
  437       2.401970965149e-10 
  438       2.412445537389e-10 
  439       2.423202792021e-10 
  440       2.434234719521e-10 
  441       2.445533116136e-10 
  442       2.457089582701e-10 
  443       2.468895523439e-10 
  444       2.480942144770e-10 
  445       2.493220454119e-10 
  446       2.505721258717e-10 
  447       2.518435164416e-10 
  448       2.531352574488e-10 
  449       2.544463688435e-10 
  450       2.557758500797e-10 
  451       2.571226799954e-10 
  452       2.584858166937e-10 
  453       2.598641974234e-10 
  454       2.612567384593e-10 
  455       2.626623349833e-10 
  456       2.640798609647e-10 
  457       2.655081690412e-10 
  458       2.669460903993e-10 
  459       2.683924346550e-10 
  460       2.698459897346e-10 
  461       2.713055217550e-10 
  462       2.727697749051e-10 
  463       2.742374713254e-10 
  464       2.757073109897e-10 
  465       2.771779715850e-10 
  466       2.786482466974e-10 
  467       2.801174653561e-10 
  468       2.815850853435e-10 
  469       2.830505560312e-10 
  470       2.845133183363e-10 
  471       2.859728046790e-10 
  472       2.874284389388e-10 
  473       2.888796364118e-10 
  474       2.903258037679e-10 
  475       2.917663390071e-10 
  476       2.932006314168e-10 
  477       2.946280615287e-10 
  478       2.960480010756e-10 
  479       2.974598129486e-10 
  480       2.988628511536e-10 
  481       3.002564607684e-10 
  482       3.016399778999e-10 
  483       3.030127296406e-10 
  484       3.043740340258e-10 
  485       3.057231999903e-10 
  486       3.070595273255e-10 
  487       3.083823066363e-10 
  488       3.096908192980e-10 
  489       3.109843374131e-10 
  490       3.122621237685e-10 
  491       3.135234317921e-10 
  492       3.147675055099e-10 
  493       3.159935795030e-10 
  494       3.172008788642e-10 
  495       3.183886191555e-10 
  496       3.195560063641e-10 
  497       3.207022368605e-10 
  498       3.218264973543e-10 
  499       3.229279648520e-10 
  500       3.240058066132e-10 
  501       3.250591801081e-10 
  502       3.260872329740e-10 
  503       3.270891029727e-10 
  504       3.280639179469e-10 
  505       3.290109228276e-10 
  506       3.299298647675e-10 
  507       3.308206190181e-10 
  508       3.316830628993e-10 
  509       3.325170758159e-10 
  510       3.333225392744e-10 
  511       3.340993368993e-10 
  512       3.348473544501e-10 
  513       3.355664798375e-10 
  514       3.362566031401e-10 
  515       3.369176166210e-10 
  516       3.375494147445e-10 
  517       3.381518941926e-10 
  518       3.387249538813e-10 
  519       3.392684949777e-10 
  520       3.397824209164e-10 
  521       3.402666374157e-10 
  522       3.407210524949e-10 
  523       3.411455764903e-10 
  524       3.415401220718e-10 
  525       3.419046042601e-10 
  526       3.422389404424e-10 
  527       3.425430503898e-10 
  528       3.428168562733e-10 
  529       3.430602826806e-10 
  530       3.432732566330e-10 
  531       3.434557076012e-10 
  532       3.436075675228e-10 
  533       3.437287708181e-10 
  534       3.438192544074e-10 
  535       3.438789577270e-10 
  536       3.439078227459e-10 
  537       3.439057939827e-10 
  538       3.438728185219e-10 
  539       3.438088460307e-10 
  540       3.437138287752e-10 
  541       3.435877216373e-10 
  542       3.434304821315e-10 
  543       3.432420704209e-10 
  544       3.430225082266e-10 
  545       3.427720572543e-10 
  546       3.424910455746e-10 
  547       3.421798092035e-10 
  548       3.418386921422e-10 
  549       3.414680464178e-10 
  550       3.410682321237e-10 
  551       3.406396174601e-10 
  552       3.401825787741e-10 
  553       3.396975006007e-10 
  554       3.391847757026e-10 
  555       3.386448051111e-10 
  556       3.380779981660e-10 
  557       3.374847725566e-10 
  558       3.368655543620e-10 
  559       3.362207780910e-10 
  560       3.355508867232e-10 
  561       3.348563317491e-10 
  562       3.341375732104e-10 
  563       3.333950797408e-10 
  564       3.326293286060e-10 
  565       3.318408057445e-10 
  566       3.310300058076e-10 
  567       3.301974322004e-10 
  568       3.293435971215e-10 
  569       3.284690216042e-10 
  570       3.275742355563e-10 
  571       3.266597778007e-10 
  572       3.257261961162e-10 
  573       3.247740472772e-10 
  574       3.238038970948e-10 
  575       3.228163204569e-10 
  576       3.218119013685e-10 
  577       3.207912329926e-10 
  578       3.197549176899e-10 
  579       3.187035670600e-10 
  580       3.176378019813e-10 
  581       3.165582526516e-10 
  582       3.154655586285e-10 
  583       3.143603426818e-10 
  584       3.132431315504e-10 
  585       3.121144332858e-10 
  586       3.109747632919e-10 
  587       3.098246443561e-10 
  588       3.086646066807e-10 
  589       3.074951879140e-10 
  590       3.063169331815e-10 
  591       3.051303951170e-10 
  592       3.039361338941e-10 
  593       3.027347172568e-10 
  594       3.015267205515e-10 
  595       3.003127267575e-10 
  596       2.990933265184e-10 
  597       2.978691181735e-10 
  598       2.966407077887e-10 
  599       2.954087091881e-10 
  600       2.941737439846e-10 
  601       2.929364416115e-10 
  602       2.916974393537e-10 
  603       2.904573823787e-10 
  604       2.892169237680e-10 
  605       2.879767245480e-10 
  606       2.867374537215e-10 
  607       2.854997882988e-10 
  608       2.842644133287e-10 
  609       2.830320219300e-10 
  610       2.818033153226e-10 
  611       2.805790028583e-10 
  612       2.793598020527e-10 
  613       2.781464386159e-10 
  614       2.769396464837e-10 
  615       2.757401678490e-10 
  616       2.745487531929e-10 
  617       2.733661613158e-10 
  618       2.721931593688e-10 
  619       2.710305228848e-10 
  620       2.698790358095e-10 
  621       2.687394905328e-10 
  622       2.676126076894e-10 
  623       2.664987934343e-10 
  624       2.653983765430e-10 
  625       2.643116881336e-10 
  626       2.632390616734e-10 
  627       2.621808329849e-10 
  628       2.611373402526e-10 
  629       2.601089240290e-10 
  630       2.590959272409e-10 
  631       2.580986951962e-10 
  632       2.571175755896e-10 
  633       2.561529185096e-10 
  634       2.552050764443e-10 
  635       2.542744042881e-10 
  636       2.533612593480e-10 
  637       2.524660013496e-10 
  638       2.515889924441e-10 
  639       2.507305972141e-10 
  640       2.498911826799e-10 
  641       2.490711183064e-10 
  642       2.482707760090e-10 
  643       2.474905301600e-10 
  644       2.467307575951e-10 
  645       2.459918376195e-10 
  646       2.452741520145e-10 
  647       2.445780850438e-10 
  648       2.439040234598e-10 
  649       2.432523565099e-10 
  650       2.426234759427e-10 
  651       2.420177760148e-10 
  652       2.414356534968e-10 
  653       2.408775076798e-10 
  654       2.403437403815e-10 
  655       2.398347559528e-10 
  656       2.393509612842e-10 
  657       2.388927658119e-10 
  658       2.384605815241e-10 
  659       2.380548229679e-10 
  660       2.376759072550e-10 
  661       2.373241742380e-10 
  662       2.369996450935e-10 
  663       2.367022584277e-10 
  664       2.364319496096e-10 
  665       2.361886507550e-10 
  666       2.359722907111e-10 
  667       2.357827950413e-10 
  668       2.356200860090e-10 
  669       2.354840825627e-10 
  670       2.353747003199e-10 
  671       2.352918515522e-10 
  672       2.352354451689e-10 
  673       2.352053867024e-10 
  674       2.352015782918e-10 
  675       2.352239186681e-10 
  676       2.352723031379e-10 
  677       2.353466235686e-10 
  678       2.354467683724e-10 
  679       2.355726224908e-10 
  680       2.357240673791e-10 
  681       2.359009809910e-10 
  682       2.361032377629e-10 
  683       2.363307085982e-10 
  684       2.365832608521e-10 
  685       2.368607583160e-10 
  686       2.371630612016e-10 
  687       2.374900261257e-10 
  688       2.378415060946e-10 
  689       2.382173504885e-10 
  690       2.386174050459e-10 
  691       2.390415118483e-10 
  692       2.394895093041e-10 
  693       2.399612321339e-10 
  694       2.404565113541e-10 
  695       2.409751742619e-10 
  696       2.415170444197e-10 
  697       2.420819416393e-10 
  698       2.426696819665e-10 
  699       2.432800776657e-10 
  700       2.439129057710e-10 
  701       2.445678130537e-10 
  702       2.452444090448e-10 
  703       2.459422972652e-10 
  704       2.466610752027e-10 
  705       2.474003342890e-10 
  706       2.481596598758e-10 
  707       2.489386312125e-10 
  708       2.497368214219e-10 
  709       2.505537974780e-10 
  710       2.513891201819e-10 
  711       2.522423441393e-10 
  712       2.531130177367e-10 
  713       2.540006831184e-10 
  714       2.549048761634e-10 
  715       2.558251264619e-10 
  716       2.567609572923e-10 
  717       2.577118855977e-10 
  718       2.586774219630e-10 
  719       2.596570705914e-10 
  720       2.606503292814e-10 
  721       2.616566894032e-10 
  722       2.626756358760e-10 
  723       2.637066471441e-10 
  724       2.647491951545e-10 
  725       2.658027453328e-10 
  726       2.668667565605e-10 
  727       2.679406811518e-10 
  728       2.690239648301e-10 
  729       2.701160467048e-10 
  730       2.712163592482e-10 
  731       2.723243282723e-10 
  732       2.734393729054e-10 
  733       2.745609055690e-10 
  734       2.756883319544e-10 
  735       2.768210509997e-10 
  736       2.779584548665e-10 
  737       2.790999289165e-10 
  738       2.802448516884e-10 
  739       2.813926254196e-10 
  740       2.825427683192e-10 
  741       2.836948240699e-10 
  742       2.848483314318e-10 
  743       2.860028242263e-10 
  744       2.871578313186e-10 
  745       2.883128766021e-10 
  746       2.894674789815e-10 
  747       2.906211523560e-10 
  748       2.917734056034e-10 
  749       2.929237425629e-10 
  750       2.940716620191e-10 
  751       2.952166576851e-10 
  752       2.963582181862e-10 
  753       2.974958270434e-10 
  754       2.986289626565e-10 
  755       2.997570982881e-10 
  756       3.008797020466e-10 
  757       3.019962368700e-10 
  758       3.031061605094e-10 
  759       3.042089255119e-10 
  760       3.053039792048e-10 
  761       3.063907636787e-10 
  762       3.074687157711e-10 
  763       3.085372670496e-10 
  764       3.095958437958e-10 
  765       3.106438669883e-10 
  766       3.116807522866e-10 
  767       3.127059100144e-10 
  768       3.137187451429e-10 
  769       3.147186572745e-10 
  770       3.157050406263e-10 
  771       3.166772840132e-10 
  772       3.176347708319e-10 
  773       3.185768790440e-10 
  774       3.195029811596e-10 
  775       3.204124442206e-10 
  776       3.213046297846e-10 
  777       3.221788939078e-10 
  778       3.230346566891e-10 
  779       3.238716123640e-10 
  780       3.246895231177e-10 
  781       3.254881498789e-10 
  782       3.262672523174e-10 
  783       3.270265888411e-10 
  784       3.277659165933e-10 
  785       3.284849914500e-10 
  786       3.291835680171e-10 
  787       3.298613996274e-10 
  788       3.305182383385e-10 
  789       3.311538349292e-10 
  790       3.317679388975e-10 
  791       3.323602984574e-10 
  792       3.329306605361e-10 
  793       3.334787707717e-10 
  794       3.340043735099e-10 
  795       3.345072118015e-10 
  796       3.349870273998e-10 
  797       3.354435607575e-10 
  798       3.358765510243e-10 
  799       3.362857360436e-10 
  800       3.366708523506e-10 
  801       3.370316351687e-10 
  802       3.373678184071e-10 
  803       3.376791346581e-10 
  804       3.379653151945e-10 
  805       3.382260899662e-10 
  806       3.384611875981e-10 
  807       3.386703353872e-10 
  808       3.388532592995e-10 
  809       3.390096839677e-10 
  810       3.391393326881e-10 
  811       3.392419274180e-10 
  812       3.393171887731e-10 
  813       3.393648360243e-10 
  814       3.393845870954e-10 
  815       3.393761585602e-10 
  816       3.393392656393e-10 
  817       3.392736874838e-10 
  818       3.391794643066e-10 
  819       3.390567037664e-10 
  820       3.389055160101e-10 
  821       3.387260136817e-10 
  822       3.385183119316e-10 
  823       3.382825284248e-10 
  824       3.380187833510e-10 
  825       3.377271994324e-10 
  826       3.374079019335e-10 
  827       3.370610186696e-10 
  828       3.366866800161e-10 
  829       3.362850189172e-10 
  830       3.358561708949e-10 
  831       3.354002740581e-10 
  832       3.349174691117e-10 
  833       3.344078993649e-10 
  834       3.338717107411e-10 
  835       3.333090517860e-10 
  836       3.327200736773e-10 
  837       3.321049302332e-10 
  838       3.314637779213e-10 
  839       3.307967758681e-10 
  840       3.301040858673e-10 
  841       3.293858723894e-10 
  842       3.286423025900e-10 
  843       3.278735463195e-10 
  844       3.270797761315e-10 
  845       3.262611672918e-10 
  846       3.254178977879e-10 
  847       3.245501483372e-10 
  848       3.236581023965e-10 
  849       3.227419461711e-10 
  850       3.218018686229e-10 
  851       3.208380614805e-10 
  852       3.198507192473e-10 
  853       3.188400392109e-10 
  854       3.178062214519e-10 
  855       3.167494688529e-10 
  856       3.156700125806e-10 
  857       3.145681889896e-10 
  858       3.134443640476e-10 
  859       3.122989079946e-10 
  860       3.111321953556e-10 
  861       3.099446049540e-10 
  862       3.087365199250e-10 
  863       3.075083277280e-10 
  864       3.062604201605e-10 
  865       3.049931933707e-10 
  866       3.037070478710e-10 
  867       3.024023885508e-10 
  868       3.010796246899e-10 
  869       2.997391699716e-10 
  870       2.983814424955e-10 
  871       2.970068647912e-10 
  872       2.956158638309e-10 
  873       2.942088710430e-10 
  874       2.927863223248e-10 
  875       2.913486580558e-10 
  876       2.898963231110e-10 
  877       2.884297668739e-10 
  878       2.869494432495e-10 
  879       2.854558106777e-10 
  880       2.839493321461e-10 
  881       2.824304752036e-10 
  882       2.808997119730e-10 
  883       2.793575191646e-10 
  884       2.778043780888e-10 
  885       2.762407746700e-10 
  886       2.746671994590e-10 
  887       2.730841476464e-10 
  888       2.714921190760e-10 
  889       2.698916182574e-10 
  890       2.682831543796e-10 
  891       2.666672413239e-10 
  892       2.650443976771e-10 
  893       2.634151467446e-10 
  894       2.617800165636e-10 
  895       2.601395158684e-10 
  896       2.584940615311e-10 
  897       2.568440499631e-10 
  898       2.551898810658e-10 
  899       2.535319582392e-10 
  900       2.518706883922e-10 
  901       2.502064819518e-10 
  902       2.485397528727e-10 
  903       2.468709186466e-10 
  904       2.452004003122e-10 
  905       2.435286224643e-10 
  906       2.418560132637e-10 
  907       2.401830044464e-10 
  908       2.385100313333e-10 
  909       2.368375328398e-10 
  910       2.351659514851e-10 
  911       2.334957334020e-10 
  912       2.318273283464e-10 
  913       2.301611897065e-10 
  914       2.284977745129e-10 
  915       2.268375434475e-10 
  916       2.251809608536e-10 
  917       2.235284947451e-10 
  918       2.218806168161e-10 
  919       2.202378024505e-10 
  920       2.186005307316e-10 
  921       2.169692844512e-10 
  922       2.153445501199e-10 
  923       2.137268179758e-10 
  924       2.121165819947e-10 
  925       2.105143398993e-10 
  926       2.089205931687e-10 
  927       2.073358470481e-10 
  928       2.057606105582e-10 
  929       2.041953965051e-10 
  930       2.026407214891e-10 
  931       2.010971059150e-10 
  932       1.995650740012e-10 
  933       1.980451537892e-10 
  934       1.965378224327e-10 
  935       1.950433411069e-10 
  936       1.935619175367e-10 
  937       1.920937604858e-10 
  938       1.906390797585e-10 
  939       1.891980862017e-10 
  940       1.877709917070e-10 
  941       1.863580092129e-10 
  942       1.849593527065e-10 
  943       1.835752372254e-10 
  944       1.822058788604e-10 
  945       1.808514947567e-10 
  946       1.795123031165e-10 
  947       1.781885232005e-10 
  948       1.768803753307e-10 
  949       1.755880808915e-10 
  950       1.743118623322e-10 
  951       1.730519431692e-10 
  952       1.718085479876e-10 
  953       1.705819024432e-10 
  954       1.693722332651e-10 
  955       1.681797682571e-10 
  956       1.670047362998e-10 
  957       1.658473673530e-10 
  958       1.647078924573e-10 
  959       1.635865437364e-10 
  960       1.624835543988e-10 
  961       1.613991587403e-10 
  962       1.603335921453e-10 
  963       1.592870910897e-10 
  964       1.582598931421e-10 
  965       1.572522369663e-10 
  966       1.562643623232e-10 
  967       1.552965100729e-10 
  968       1.543489221763e-10 
  969       1.534218416977e-10 
  970       1.525155128064e-10 
  971       1.516301807790e-10 
  972       1.507660920011e-10 
  973       1.499234418095e-10 
  974       1.491022171563e-10 
  975       1.483023515869e-10 
  976       1.475237771816e-10 
  977       1.467664245510e-10 
  978       1.460302228312e-10 
  979       1.453150996794e-10 
  980       1.446209812695e-10 
  981       1.439477922869e-10 
  982       1.432954559246e-10 
  983       1.426638938781e-10 
  984       1.420530263411e-10 
  985       1.414627720008e-10 
  986       1.408930480333e-10 
  987       1.403437700992e-10 
  988       1.398148523387e-10 
  989       1.393062073671e-10 
  990       1.388177462704e-10 
  991       1.383493786006e-10 
  992       1.379010123710e-10 
  993       1.374725540518e-10 
  994       1.370639085653e-10 
  995       1.366749792815e-10 
  996       1.363056680134e-10 
  997       1.359558750124e-10 
  998       1.356254989640e-10 
  999       1.353144369827e-10 
 1000       1.350225846077e-10 
 1001       1.347498357985e-10 
 1002       1.344960829298e-10 
 1003       1.342612167874e-10 
 1004       1.340451265634e-10 
 1005       1.338476998516e-10 
 1006       1.336688226430e-10 
 1007       1.335083793209e-10 
 1008       1.333662526570e-10 
 1009       1.332423238060e-10 
 1010       1.331364723015e-10 
 1011       1.330485760513e-10 
 1012       1.329784893366e-10 
 1013       1.329259764714e-10 
 1014       1.328907771763e-10 
 1015       1.328726284808e-10 
 1016       1.328712647162e-10 
 1017       1.328864175084e-10 
 1018       1.329178157710e-10 
 1019       1.329651856974e-10 
 1020       1.330282507545e-10 
 1021       1.331067316749e-10 
 1022       1.332003464501e-10 
 1023       1.333088103233e-10 
 1024       1.334318357820e-10 
 1025       1.335691325511e-10 
 1026       1.337204075854e-10 
 1027       1.338853650630e-10 
 1028       1.340637063775e-10 
 1029       1.342551301314e-10 
 1030       1.344593321285e-10 
 1031       1.346760053668e-10 
 1032       1.349048400317e-10 
 1033       1.351455234883e-10 
 1034       1.353977402749e-10 
 1035       1.356611720949e-10 
 1036       1.359354978107e-10 
 1037       1.362203934357e-10 
 1038       1.365155321276e-10 
 1039       1.368205841810e-10 
 1040       1.371352170203e-10 
 1041       1.374590951928e-10 
 1042       1.377918803609e-10 
 1043       1.381332312957e-10 
 1044       1.384828038692e-10 
 1045       1.388402510477e-10 
 1046       1.392052228839e-10 
 1047       1.395773665106e-10 
 1048       1.399563261329e-10 
 1049       1.403417430213e-10 
 1050       1.407332555044e-10 
 1051       1.411305142218e-10 
 1052       1.415332281281e-10 
 1053       1.419411191144e-10 
 1054       1.423539068003e-10 
 1055       1.427713085287e-10 
 1056       1.431930393603e-10 
 1057       1.436188120681e-10 
 1058       1.440483371317e-10 
 1059       1.444813227319e-10 
 1060       1.449174747454e-10 
 1061       1.453564967391e-10 
 1062       1.457980899644e-10 
 1063       1.462419533521e-10 
 1064       1.466877835065e-10 
 1065       1.471352747003e-10 
 1066       1.475841188687e-10 
 1067       1.480340056041e-10 
 1068       1.484846221507e-10 
 1069       1.489356533985e-10 
 1070       1.493867818786e-10 
 1071       1.498376877569e-10 
 1072       1.502880488289e-10 
 1073       1.507375405144e-10 
 1074       1.511858358518e-10 
 1075       1.516326054925e-10 
 1076       1.520775176955e-10 
 1077       1.525202383218e-10 
 1078       1.529604308292e-10 
 1079       1.533977562665e-10 
 1080       1.538318732678e-10 
 1081       1.542624380476e-10 
 1082       1.546891043946e-10 
 1083       1.551115236670e-10 
 1084       1.555293447860e-10 
 1085       1.559422142311e-10 
 1086       1.563497760343e-10 
 1087       1.567516717746e-10 
 1088       1.571475405724e-10 
 1089       1.575370190842e-10 
 1090       1.579197801221e-10 
 1091       1.582956490914e-10 
 1092       1.586644891029e-10 
 1093       1.590261624878e-10 
 1094       1.593805307962e-10 
 1095       1.597274547950e-10 
 1096       1.600667944668e-10 
 1097       1.603984090081e-10 
 1098       1.607221568276e-10 
 1099       1.610378955448e-10 
 1100       1.613454819881e-10 
 1101       1.616447721935e-10 
 1102       1.619356214027e-10 
 1103       1.622178840618e-10 
 1104       1.624914138193e-10 
 1105       1.627560635249e-10 
 1106       1.630116852277e-10 
 1107       1.632581301745e-10 
 1108       1.634952488083e-10 
 1109       1.637228907667e-10 
 1110       1.639409048802e-10 
 1111       1.641491391707e-10 
 1112       1.643474408498e-10 
 1113       1.645356563173e-10 
 1114       1.647136311594e-10 
 1115       1.648812101474e-10 
 1116       1.650382372356e-10 
 1117       1.651845555602e-10 
 1118       1.653200074374e-10 
 1119       1.654444343620e-10 
 1120       1.655576770055e-10 
 1121       1.656595752146e-10 
 1122       1.657499680098e-10 
 1123       1.658286935834e-10 
 1124       1.658955892985e-10 
 1125       1.659504916865e-10 
 1126       1.659932364464e-10 
 1127       1.660236584425e-10 
 1128       1.660415917033e-10 
 1129       1.660469068650e-10 
 1130       1.660396240376e-10 
 1131       1.660198013966e-10 
 1132       1.659874978721e-10 
 1133       1.659427731504e-10 
 1134       1.658856876764e-10 
 1135       1.658163026549e-10 
 1136       1.657346800530e-10 
 1137       1.656408826017e-10 
 1138       1.655349737980e-10 
 1139       1.654170179070e-10 
 1140       1.652870799631e-10 
 1141       1.651452257728e-10 
 1142       1.649915219159e-10 
 1143       1.648260357478e-10 
 1144       1.646488354015e-10 
 1145       1.644599897890e-10 
 1146       1.642595686037e-10 
 1147       1.640476423222e-10 
 1148       1.638242822062e-10 
 1149       1.635895603041e-10 
 1150       1.633435494535e-10 
 1151       1.630863232826e-10 
 1152       1.628179562123e-10 
 1153       1.625385234583e-10 
 1154       1.622481010327e-10 
 1155       1.619467657460e-10 
 1156       1.616345952091e-10 
 1157       1.613116678353e-10 
 1158       1.609780628418e-10 
 1159       1.606338602521e-10 
 1160       1.602791408977e-10 
 1161       1.599139864199e-10 
 1162       1.595384792719e-10 
 1163       1.591527027206e-10 
 1164       1.587567408486e-10 
 1165       1.583506785560e-10 
 1166       1.579346015624e-10 
 1167       1.575085964088e-10 
 1168       1.570727667233e-10 
 1169       1.566272822381e-10 
 1170       1.561723303896e-10 
 1171       1.557081001137e-10 
 1172       1.552347818491e-10 
 1173       1.547525675405e-10 
 1174       1.542616506420e-10 
 1175       1.537622261206e-10 
 1176       1.532544904594e-10 
 1177       1.527386416608e-10 
 1178       1.522148792502e-10 
 1179       1.516834042791e-10 
 1180       1.511444193283e-10 
 1181       1.505981285117e-10 
 1182       1.500447374791e-10 
 1183       1.494844534200e-10 
 1184       1.489174850666e-10 
 1185       1.483440426974e-10 
 1186       1.477643381405e-10 
 1187       1.471785847766e-10 
 1188       1.465869975428e-10 
 1189       1.459897929357e-10 
 1190       1.453871890149e-10 
 1191       1.447794054060e-10 
 1192       1.441666633043e-10 
 1193       1.435491854782e-10 
 1194       1.429271962721e-10 
 1195       1.423009216100e-10 
 1196       1.416705889990e-10 
 1197       1.410364275323e-10 
 1198       1.403986678929e-10 
 1199       1.397575423567e-10 
 1200       1.391132847958e-10 
 1201       1.384661306820e-10 
 1202       1.378163170902e-10 
 1203       1.371640827014e-10 
 1204       1.365096678065e-10 
 1205       1.358533143093e-10 
 1206       1.351952657299e-10 
 1207       1.345357571140e-10 
 1208       1.338749846202e-10 
 1209       1.332131355709e-10 
 1210       1.325503985158e-10 
 1211       1.318869632340e-10 
 1212       1.312230207369e-10 
 1213       1.305587632706e-10 
 1214       1.298943843182e-10 
 1215       1.292300786026e-10 
 1216       1.285660420889e-10 
 1217       1.279024719868e-10 
 1218       1.272395667533e-10 
 1219       1.265775260951e-10 
 1220       1.259165509711e-10 
 1221       1.252568435950e-10 
 1222       1.245986074376e-10 
 1223       1.239420472296e-10 
 1224       1.232873689640e-10 
 1225       1.226347798985e-10 
 1226       1.219844885581e-10 
 1227       1.213367047376e-10 
 1228       1.206916395040e-10 
 1229       1.200495051995e-10 
 1230       1.194105154432e-10 
 1231       1.187748851342e-10 
 1232       1.181428304541e-10 
 1233       1.175145688691e-10 
 1234       1.168903191329e-10 
 1235       1.162703012892e-10 
 1236       1.156547366740e-10 
 1237       1.150438479180e-10 
 1238       1.144378589497e-10 
 1239       1.138369949972e-10 
 1240       1.132414825913e-10 
 1241       1.126515495674e-10 
 1242       1.120674250687e-10 
 1243       1.114893395482e-10 
 1244       1.109175247714e-10 
 1245       1.103522138188e-10 
 1246       1.097936146793e-10 
 1247       1.092418306857e-10 
 1248       1.086969391509e-10 
 1249       1.081590176927e-10 
 1250       1.076281442339e-10 
 1251       1.071043970033e-10 
 1252       1.065878545356e-10 
 1253       1.060785956724e-10 
 1254       1.055766995626e-10 
 1255       1.050822456624e-10 
 1256       1.045953137364e-10 
 1257       1.041159838575e-10 
 1258       1.036443364077e-10 
 1259       1.031804520788e-10 
 1260       1.027244118722e-10 
 1261       1.022762971000e-10 
 1262       1.018361893850e-10 
 1263       1.014041706617e-10 
 1264       1.009803231762e-10 
 1265       1.005647294870e-10 
 1266       1.001574724654e-10 
 1267       9.975863529609e-11 
 1268       9.936830147739e-11 
 1269       9.898655482188e-11 
 1270       9.861347945679e-11 
 1271       9.824915982456e-11 
 1272       9.789368068321e-11 
 1273       9.754712710690e-11 
 1274       9.720958448634e-11 
 1275       9.688113852927e-11 
 1276       9.656187526097e-11 
 1277       9.625188102469e-11 
 1278       9.595124248211e-11 
 1279       9.566004661388e-11 
 1280       9.537838072000e-11 
 1281       9.510633242035e-11 
 1282       9.484398965517e-11 
 1283       9.459144068546e-11 
 1284       9.434877409353e-11 
 1285       9.411605357203e-11 
 1286       9.389324197626e-11 
 1287       9.368027640873e-11 
 1288       9.347709335079e-11 
 1289       9.328362866127e-11 
 1290       9.309981757513e-11 
 1291       9.292559470211e-11 
 1292       9.276089402534e-11 
 1293       9.260564890001e-11 
 1294       9.245979205197e-11 
 1295       9.232325557644e-11 
 1296       9.219597093656e-11 
 1297       9.207786896211e-11 
 1298       9.196887984810e-11 
 1299       9.186893315343e-11 
 1300       9.177795779953e-11 
 1301       9.169588206898e-11 
 1302       9.162263360418e-11 
 1303       9.155813940597e-11 
 1304       9.150232583228e-11 
 1305       9.145511859677e-11 
 1306       9.141644276743e-11 
 1307       9.138622276531e-11 
 1308       9.136438236305e-11 
 1309       9.135084468362e-11 
 1310       9.134553219889e-11 
 1311       9.134836672829e-11 
 1312       9.135926943747e-11 
 1313       9.137816083691e-11 
 1314       9.140496078060e-11 
 1315       9.143958846461e-11 
 1316       9.148196242582e-11 
 1317       9.153200054047e-11 
 1318       9.158962002289e-11 
 1319       9.165473742404e-11 
 1320       9.172726863026e-11 
 1321       9.180712886181e-11 
 1322       9.189423267157e-11 
 1323       9.198849394366e-11 
 1324       9.208981584892e-11 
 1325       9.219806059270e-11 
 1326       9.231307933029e-11 
 1327       9.243472217770e-11 
 1328       9.256283820964e-11 
 1329       9.269727545747e-11 
 1330       9.283788090714e-11 
 1331       9.298450049715e-11 
 1332       9.313697911650e-11 
 1333       9.329516060264e-11 
 1334       9.345888773946e-11 
 1335       9.362800225516e-11 
 1336       9.380234482030e-11 
 1337       9.398175504569e-11 
 1338       9.416607148034e-11 
 1339       9.435513160946e-11 
 1340       9.454877185237e-11 
 1341       9.474682756049e-11 
 1342       9.494913301524e-11 
 1343       9.515552142605e-11 
 1344       9.536582492827e-11 
 1345       9.557987458115e-11 
 1346       9.579750036578e-11 
 1347       9.601853118305e-11 
 1348       9.624279485158e-11 
 1349       9.647011810572e-11 
 1350       9.670032659345e-11 
 1351       9.693324487437e-11 
 1352       9.716869641764e-11 
 1353       9.740650359994e-11 
 1354       9.764648770339e-11 
 1355       9.788846891355e-11 
 1356       9.813226631735e-11 
 1357       9.837769790104e-11 
 1358       9.862458054815e-11 
 1359       9.887273003744e-11 
 1360       9.912196104086e-11 
 1361       9.937208712147e-11 
 1362       9.962292073146e-11 
 1363       9.987428174295e-11 
 1364       1.001260231449e-10 
 1365       1.003780056178e-10 
 1366       1.006300890245e-10 
 1367       1.008821324081e-10 
 1368       1.011339939915e-10 
 1369       1.013855311746e-10 
 1370       1.016366005341e-10 
 1371       1.018870578209e-10 
 1372       1.021367579594e-10 
 1373       1.023855550456e-10 
 1374       1.026333023457e-10 
 1375       1.028798522946e-10 
 1376       1.031250564944e-10 
 1377       1.033687657129e-10 
 1378       1.036108298821e-10 
 1379       1.038510980968e-10 
 1380       1.040894186130e-10 
 1381       1.043256388464e-10 
 1382       1.045596053709e-10 
 1383       1.047911639172e-10 
 1384       1.050201593711e-10 
 1385       1.052464357723e-10 
 1386       1.054698363128e-10 
 1387       1.056902033350e-10 
 1388       1.059073783309e-10 
 1389       1.061212019402e-10 
 1390       1.063315139487e-10 
 1391       1.065381532871e-10 
 1392       1.067409580292e-10 
 1393       1.069397653909e-10 
 1394       1.071344117281e-10 
 1395       1.073247325354e-10 
 1396       1.075105624450e-10 
 1397       1.076917352245e-10 
 1398       1.078680837763e-10 
 1399       1.080394401350e-10 
 1400       1.082056354669e-10 
 1401       1.083665000679e-10 
 1402       1.085218830899e-10 
 1403       1.086717119463e-10 
 1404       1.088159335232e-10 
 1405       1.089544945073e-10 
 1406       1.090873413863e-10 
 1407       1.092144204480e-10 
 1408       1.093356777801e-10 
 1409       1.094510592702e-10 
 1410       1.095605106054e-10 
 1411       1.096639772718e-10 
 1412       1.097614045544e-10 
 1413       1.098527375369e-10 
 1414       1.099379211009e-10 
 1415       1.100168999264e-10 
 1416       1.100896184909e-10 
 1417       1.101560210692e-10 
 1418       1.102160517333e-10 
 1419       1.102696543520e-10 
 1420       1.103167725906e-10 
 1421       1.103573499106e-10 
 1422       1.103913295695e-10 
 1423       1.104186546204e-10 
 1424       1.104392679115e-10 
 1425       1.104531120865e-10 
 1426       1.104601295835e-10 
 1427       1.104602626352e-10 
 1428       1.104534532685e-10 
 1429       1.104396433040e-10 
 1430       1.104187743560e-10 
 1431       1.103907878322e-10 
 1432       1.103556249331e-10 
 1433       1.103132266521e-10 
 1434       1.102635337748e-10 
 1435       1.102064868790e-10 
 1436       1.101420263344e-10 
 1437       1.100700923023e-10 
 1438       1.099906247349e-10 
 1439       1.099035633756e-10 
 1440       1.098088477586e-10 
 1441       1.097064357090e-10 
 1442       1.095963590516e-10 
 1443       1.094786684672e-10 
 1444       1.093534150438e-10 
 1445       1.092206502774e-10 
 1446       1.090804260729e-10 
 1447       1.089327947448e-10 
 1448       1.087778090178e-10 
 1449       1.086155220278e-10 
 1450       1.084459873227e-10 
 1451       1.082692588629e-10 
 1452       1.080853910224e-10 
 1453       1.078944385894e-10 
 1454       1.076964567670e-10 
 1455       1.074915011743e-10 
 1456       1.072796278466e-10 
 1457       1.070608932370e-10 
 1458       1.068353542163e-10 
 1459       1.066030680744e-10 
 1460       1.063640925208e-10 
 1461       1.061184856853e-10 
 1462       1.058663061193e-10 
 1463       1.056076127957e-10 
 1464       1.053424651105e-10 
 1465       1.050709228831e-10 
 1466       1.047930463572e-10 
 1467       1.045088962017e-10 
 1468       1.042185335113e-10 
 1469       1.039220198072e-10 
 1470       1.036194170383e-10 
 1471       1.033107875814e-10 
 1472       1.029961942424e-10 
 1473       1.026757002571e-10 
 1474       1.023493692915e-10 
 1475       1.020172654431e-10 
 1476       1.016794532414e-10 
 1477       1.013359976488e-10 
 1478       1.009869640612e-10 
 1479       1.006324183090e-10 
 1480       1.002724341527e-10 
 1481       9.990711584888e-11 
 1482       9.953657580893e-11 
 1483       9.916092712529e-11 
 1484       9.878028357275e-11 
 1485       9.839475960960e-11 
 1486       9.800447037887e-11 
 1487       9.760953170946e-11 
 1488       9.721006011735e-11 
 1489       9.680617280678e-11 
 1490       9.639798767144e-11 
 1491       9.598562329566e-11 
 1492       9.556919895560e-11 
 1493       9.514883462040e-11 
 1494       9.472465095341e-11 
 1495       9.429676931337e-11 
 1496       9.386531175555e-11 
 1497       9.343040103301e-11 
 1498       9.299216059771e-11 
 1499       9.255071460176e-11 
 1500       9.210618789857e-11 
 1501       9.165870604404e-11 
 1502       9.120839529774e-11 
 1503       9.075538262413e-11 
 1504       9.029979569371e-11 
 1505       8.984176288421e-11 
 1506       8.938141328179e-11 
 1507       8.891887668223e-11 
 1508       8.845428359209e-11 
 1509       8.798776522991e-11 
 1510       8.751945352741e-11 
 1511       8.704948113066e-11 
 1512       8.657798140126e-11 
 1513       8.610508841754e-11 
 1514       8.563093697575e-11 
 1515       8.515566259123e-11 
 1516       8.467940149959e-11 
 1517       8.420229065793e-11 
 1518       8.372446774599e-11 
 1519       8.324606533670e-11 
 1520       8.276719334400e-11 
 1521       8.228795640833e-11 
 1522       8.180845971288e-11 
 1523       8.132880898446e-11 
 1524       8.084911049433e-11 
 1525       8.036947105917e-11 
 1526       7.988999804189e-11 
 1527       7.941079935255e-11 
 1528       7.893198344925e-11 
 1529       7.845365933897e-11 
 1530       7.797593657849e-11 
 1531       7.749892527527e-11 
 1532       7.702273608833e-11 
 1533       7.654748022910e-11 
 1534       7.607326946236e-11 
 1535       7.560021610708e-11 
 1536       7.512843303733e-11 
 1537       7.465803368313e-11 
 1538       7.418913203137e-11 
 1539       7.372184262668e-11 
 1540       7.325628057228e-11 
 1541       7.279256153092e-11 
 1542       7.233080172572e-11 
 1543       7.187111794108e-11 
 1544       7.141362752354e-11 
 1545       7.095844838266e-11 
 1546       7.050569899195e-11 
 1547       7.005549838969e-11 
 1548       6.960796617985e-11 
 1549       6.916322253297e-11 
 1550       6.872138818702e-11 
 1551       6.828258444833e-11 
 1552       6.784693319242e-11 
 1553       6.741455686490e-11 
 1554       6.698557848239e-11 
 1555       6.656012163334e-11 
 1556       6.613831047896e-11 
 1557       6.572026975408e-11 
 1558       6.530611092291e-11 
 1559       6.489589050229e-11 
 1560       6.448965134887e-11 
 1561       6.408743646897e-11 
 1562       6.368928901874e-11 
 1563       6.329525230439e-11 
 1564       6.290536978238e-11 
 1565       6.251968505960e-11 
 1566       6.213824189361e-11 
 1567       6.176108419277e-11 
 1568       6.138825601653e-11 
 1569       6.101980157554e-11 
 1570       6.065576523194e-11 
 1571       6.029619149945e-11 
 1572       5.994112504366e-11 
 1573       5.959061068221e-11 
 1574       5.924469338494e-11 
 1575       5.890341827415e-11 
 1576       5.856683062476e-11 
 1577       5.823497586452e-11 
 1578       5.790789957424e-11 
 1579       5.758564748792e-11 
 1580       5.726826549300e-11 
 1581       5.695579963057e-11 
 1582       5.664829609551e-11 
 1583       5.634580123676e-11 
 1584       5.604836155746e-11 
 1585       5.575602371518e-11 
 1586       5.546883452212e-11 
 1587       5.518684094528e-11 
 1588       5.491009010670e-11 
 1589       5.463862928363e-11 
 1590       5.437250590873e-11 
 1591       5.411176757030e-11 
 1592       5.385646201242e-11 
 1593       5.360663713521e-11 
 1594       5.336234099499e-11 
 1595       5.312362180450e-11 
 1596       5.289052793309e-11 
 1597       5.266309470312e-11 
 1598       5.244130464658e-11 
 1599       5.222512688481e-11 
 1600       5.201453029883e-11 
 1601       5.180948352891e-11 
 1602       5.160995497417e-11 
 1603       5.141591279213e-11 
 1604       5.122732489831e-11 
 1605       5.104415896578e-11 
 1606       5.086638242479e-11 
 1607       5.069396246228e-11 
 1608       5.052686602153e-11 
 1609       5.036505980165e-11 
 1610       5.020851025727e-11 
 1611       5.005718359800e-11 
 1612       4.991104578811e-11 
 1613       4.977006254603e-11 
 1614       4.963419934399e-11 
 1615       4.950342140753e-11 
 1616       4.937769371517e-11 
 1617       4.925698099788e-11 
 1618       4.914124773875e-11 
 1619       4.903045817252e-11 
 1620       4.892457628516e-11 
 1621       4.882356581347e-11 
 1622       4.872739024464e-11 
 1623       4.863601281584e-11 
 1624       4.854939651376e-11 
 1625       4.846750407427e-11 
 1626       4.839029798190e-11 
 1627       4.831774046949e-11 
 1628       4.824979351774e-11 
 1629       4.818641885479e-11 
 1630       4.812757795578e-11 
 1631       4.807323204248e-11 
 1632       4.802334208281e-11 
 1633       4.797786879046e-11 
 1634       4.793677262443e-11 
 1635       4.790001378864e-11 
 1636       4.786754659767e-11 
 1637       4.783930251967e-11 
 1638       4.781520698100e-11 
 1639       4.779518498554e-11 
 1640       4.777916111412e-11 
 1641       4.776705952375e-11 
 1642       4.775880394701e-11 
 1643       4.775431769135e-11 
 1644       4.775352363842e-11 
 1645       4.775634424338e-11 
 1646       4.776270153426e-11 
 1647       4.777251711126e-11 
 1648       4.778571214608e-11 
 1649       4.780220738124e-11 
 1650       4.782192312942e-11 
 1651       4.784477927278e-11 
 1652       4.787069526227e-11 
 1653       4.789959011700e-11 
 1654       4.793138242350e-11 
 1655       4.796599033509e-11 
 1656       4.800333157121e-11 
 1657       4.804332341672e-11 
 1658       4.808588272123e-11 
 1659       4.813092589845e-11 
 1660       4.817836892549e-11 
 1661       4.822812734218e-11 
 1662       4.828011625043e-11 
 1663       4.833425031352e-11 
 1664       4.839044375546e-11 
 1665       4.844861036027e-11 
 1666       4.850866347134e-11 
 1667       4.857051599077e-11 
 1668       4.863408037863e-11 
 1669       4.869926865236e-11 
 1670       4.876599238606e-11 
 1671       4.883416270981e-11 
 1672       4.890369030901e-11 
 1673       4.897448542370e-11 
 1674       4.904645784788e-11 
 1675       4.911952045631e-11 
 1676       4.919359981994e-11 
 1677       4.926862568187e-11 
 1678       4.934452743775e-11 
 1679       4.942123413527e-11 
 1680       4.949867447365e-11 
 1681       4.957677680309e-11 
 1682       4.965546912427e-11 
 1683       4.973467908781e-11 
 1684       4.981433399376e-11 
 1685       4.989436079107e-11 
 1686       4.997468607705e-11 
 1687       5.005523609688e-11 
 1688       5.013593674306e-11 
 1689       5.021671355489e-11 
 1690       5.029749171796e-11 
 1691       5.037819606362e-11 
 1692       5.045875106845e-11 
 1693       5.053908085372e-11 
 1694       5.061910918491e-11 
 1695       5.069875947117e-11 
 1696       5.077795476476e-11 
 1697       5.085661776058e-11 
 1698       5.093467079560e-11 
 1699       5.101203584839e-11 
 1700       5.108863453852e-11 
 1701       5.116438812612e-11 
 1702       5.123921751130e-11 
 1703       5.131304323365e-11 
 1704       5.138578547170e-11 
 1705       5.145736404241e-11 
 1706       5.152769840065e-11 
 1707       5.159670763865e-11 
 1708       5.166431048552e-11 
 1709       5.173042530668e-11 
 1710       5.179497010338e-11 
 1711       5.185786251212e-11 
 1712       5.191901980420e-11 
 1713       5.197835888513e-11 
 1714       5.203580545958e-11 
 1715       5.209132161268e-11 
 1716       5.214487846315e-11 
 1717       5.219644701901e-11 
 1718       5.224599817751e-11 
 1719       5.229350272490e-11 
 1720       5.233893133637e-11 
 1721       5.238225457581e-11 
 1722       5.242344289574e-11 
 1723       5.246246663708e-11 
 1724       5.249929602909e-11 
 1725       5.253390118915e-11 
 1726       5.256625212264e-11 
 1727       5.259631872278e-11 
 1728       5.262407077050e-11 
 1729       5.264947793427e-11 
 1730       5.267250976996e-11 
 1731       5.269313572067e-11 
 1732       5.271132511662e-11 
 1733       5.272704717498e-11 
 1734       5.274027099971e-11 
 1735       5.275096558141e-11 
 1736       5.275909979721e-11 
 1737       5.276464241056e-11 
 1738       5.276756207112e-11 
 1739       5.276782731462e-11 
 1740       5.276540656268e-11 
 1741       5.276026812266e-11 
 1742       5.275238018754e-11 
 1743       5.274171083575e-11 
 1744       5.272822803102e-11 
 1745       5.271189962225e-11 
 1746       5.269269334332e-11 
 1747       5.267057681299e-11 
 1748       5.264551753472e-11 
 1749       5.261748289652e-11 
 1750       5.258644017080e-11 
 1751       5.255235651425e-11 
 1752       5.251519896766e-11 
 1753       5.247494333304e-11 
 1754       5.243160088630e-11 
 1755       5.238519188724e-11 
 1756       5.233573672276e-11 
 1757       5.228325590698e-11 
 1758       5.222777008153e-11 
 1759       5.216930001567e-11 
 1760       5.210786660653e-11 
 1761       5.204349087928e-11 
 1762       5.197619398737e-11 
 1763       5.190599721267e-11 
 1764       5.183292196571e-11 
 1765       5.175698978586e-11 
 1766       5.167822234152e-11 
 1767       5.159664143035e-11 
 1768       5.151226897940e-11 
 1769       5.142512704540e-11 
 1770       5.133523781488e-11 
 1771       5.124262360439e-11 
 1772       5.114730686071e-11 
 1773       5.104931016104e-11 
 1774       5.094865621319e-11 
 1775       5.084536785579e-11 
 1776       5.073946805847e-11 
 1777       5.063097992206e-11 
 1778       5.051992667880e-11 
 1779       5.040633169254e-11 
 1780       5.029021845892e-11 
 1781       5.017161060555e-11 
 1782       5.005053189228e-11 
 1783       4.992700621129e-11 
 1784       4.980105758739e-11 
 1785       4.967271017815e-11 
 1786       4.954198827413e-11 
 1787       4.940891629904e-11 
 1788       4.927351881000e-11 
 1789       4.913582049767e-11 
 1790       4.899584618649e-11 
 1791       4.885362083486e-11 
 1792       4.870917339184e-11 
 1793       4.856254840134e-11 
 1794       4.841379449307e-11 
 1795       4.826296053500e-11 
 1796       4.811009563370e-11 
 1797       4.795524913466e-11 
 1798       4.779847062265e-11 
 1799       4.763980992206e-11 
 1800       4.747931709724e-11 
 1801       4.731704245284e-11 
 1802       4.715303653412e-11 
 1803       4.698735012736e-11 
 1804       4.682003426013e-11 
 1805       4.665114020169e-11 
 1806       4.648071946327e-11 
 1807       4.630882379847e-11 
 1808       4.613550520358e-11 
 1809       4.596081591788e-11 
 1810       4.578480842405e-11 
 1811       4.560753544847e-11 
 1812       4.542904996156e-11 
 1813       4.524940517814e-11 
 1814       4.506865455776e-11 
 1815       4.488685180503e-11 
 1816       4.470405087000e-11 
 1817       4.452030594843e-11 
 1818       4.433567148222e-11 
 1819       4.415020215967e-11 
 1820       4.396395291589e-11 
 1821       4.377697893309e-11 
 1822       4.358933564093e-11 
 1823       4.340107871688e-11 
 1824       4.321226408655e-11 
 1825       4.302294792405e-11 
 1826       4.283318665227e-11 
 1827       4.264303694330e-11 
 1828       4.245255571873e-11 
 1829       4.226180014998e-11 
 1830       4.207082765867e-11 
 1831       4.187969367147e-11 
 1832       4.168844486445e-11 
 1833       4.149712586540e-11 
 1834       4.130578149470e-11 
 1835       4.111445676556e-11 
 1836       4.092319688428e-11 
 1837       4.073204725052e-11 
 1838       4.054105345756e-11 
 1839       4.035026129254e-11 
 1840       4.015971673675e-11 
 1841       3.996946596587e-11 
 1842       3.977955535026e-11 
 1843       3.959003145516e-11 
 1844       3.940094104102e-11 
 1845       3.921233106373e-11 
 1846       3.902424867486e-11 
 1847       3.883674122196e-11 
 1848       3.864985624880e-11 
 1849       3.846364149561e-11 
 1850       3.827814489941e-11 
 1851       3.809341459417e-11 
 1852       3.790949891117e-11 
 1853       3.772644637919e-11 
 1854       3.754430572480e-11 
 1855       3.736312587262e-11 
 1856       3.718295594559e-11 
 1857       3.700384526519e-11 
 1858       3.682584335176e-11 
 1859       3.664899992470e-11 
 1860       3.647336490278e-11 
 1861       3.629898840437e-11 
 1862       3.612592074772e-11 
 1863       3.595421245121e-11 
 1864       3.578391423361e-11 
 1865       3.561507701435e-11 
 1866       3.544775191376e-11 
 1867       3.528199025335e-11 
 1868       3.511784355609e-11 
 1869       3.495536354660e-11 
 1870       3.479459614095e-11 
 1871       3.463556336380e-11 
 1872       3.447828129023e-11 
 1873       3.432276604347e-11 
 1874       3.416903379499e-11 
 1875       3.401710076454e-11 
 1876       3.386698322020e-11 
 1877       3.371869747843e-11 
 1878       3.357225990413e-11 
 1879       3.342768691070e-11 
 1880       3.328499496011e-11 
 1881       3.314420056290e-11 
 1882       3.300532027829e-11 
 1883       3.286837071420e-11 
 1884       3.273336852735e-11 
 1885       3.260033042324e-11 
 1886       3.246927315628e-11 
 1887       3.234021352979e-11 
 1888       3.221316839609e-11 
 1889       3.208815465655e-11 
 1890       3.196518926161e-11 
 1891       3.184428921088e-11 
 1892       3.172547155316e-11 
 1893       3.160875338652e-11 
 1894       3.149415185835e-11 
 1895       3.138168416538e-11 
 1896       3.127136755380e-11 
 1897       3.116321931924e-11 
 1898       3.105725680689e-11 
 1899       3.095349741152e-11 
 1900       3.085195857753e-11 
 1901       3.075265779901e-11 
 1902       3.065561261983e-11 
 1903       3.056084063364e-11 
 1904       3.046835948395e-11 
 1905       3.037818686420e-11 
 1906       3.029034051776e-11 
 1907       3.020483823807e-11 
 1908       3.012169786861e-11 
 1909       3.004093152437e-11 
 1910       2.996252820751e-11 
 1911       2.988647105851e-11 
 1912       2.981274312260e-11 
 1913       2.974132734958e-11 
 1914       2.967220659372e-11 
 1915       2.960536361361e-11 
 1916       2.954078107203e-11 
 1917       2.947844153581e-11 
 1918       2.941832747570e-11 
 1919       2.936042126622e-11 
 1920       2.930470518555e-11 
 1921       2.925116141536e-11 
 1922       2.919977204072e-11 
 1923       2.915051904990e-11 
 1924       2.910338433431e-11 
 1925       2.905834968830e-11 
 1926       2.901539680907e-11 
 1927       2.897450729650e-11 
 1928       2.893566265304e-11 
 1929       2.889884428355e-11 
 1930       2.886403349520e-11 
 1931       2.883121149729e-11 
 1932       2.880035940114e-11 
 1933       2.877145821997e-11 
 1934       2.874448886872e-11 
 1935       2.871943216396e-11 
 1936       2.869626882373e-11 
 1937       2.867497946739e-11 
 1938       2.865554461553e-11 
 1939       2.863794468978e-11 
 1940       2.862216001274e-11 
 1941       2.860817080775e-11 
 1942       2.859595719887e-11 
 1943       2.858549921063e-11 
 1944       2.857677676799e-11 
 1945       2.856976969615e-11 
 1946       2.856445772041e-11 
 1947       2.856082046607e-11 
 1948       2.855883503662e-11 
 1949       2.855846872871e-11 
 1950       2.855968626217e-11 
 1951       2.856245219650e-11 
 1952       2.856673093065e-11 
 1953       2.857248670279e-11 
 1954       2.857968359013e-11 
 1955       2.858828550869e-11 
 1956       2.859825621308e-11 
 1957       2.860955929630e-11 
 1958       2.862215818954e-11 
 1959       2.863601616193e-11 
 1960       2.865109632036e-11 
 1961       2.866736160926e-11 
 1962       2.868477481040e-11 
 1963       2.870329854263e-11 
 1964       2.872289526174e-11 
 1965       2.874352726018e-11 
 1966       2.876515666689e-11 
 1967       2.878774544708e-11 
 1968       2.881125540200e-11 
 1969       2.883564816875e-11 
 1970       2.886088522006e-11 
 1971       2.888692786407e-11 
 1972       2.891373724412e-11 
 1973       2.894127433856e-11 
 1974       2.896949996051e-11 
 1975       2.899837475765e-11 
 1976       2.902785921201e-11 
 1977       2.905791363980e-11 
 1978       2.908849819112e-11 
 1979       2.911957284980e-11 
 1980       2.915109743319e-11 
 1981       2.918303159193e-11 
 1982       2.921533480972e-11 
 1983       2.924796640315e-11 
 1984       2.928088552148e-11 
 1985       2.931405114639e-11 
 1986       2.934742209180e-11 
 1987       2.938095870268e-11 
 1988       2.941462796554e-11 
 1989       2.944839843516e-11 
 1990       2.948223853882e-11 
 1991       2.951611657614e-11 
 1992       2.955000071890e-11 
 1993       2.958385901094e-11 
 1994       2.961765936791e-11 
 1995       2.965136957719e-11 
 1996       2.968495729768e-11 
 1997       2.971839005966e-11 
 1998       2.975163526463e-11 
 1999       2.978466018513e-11 
 2000       2.981743196462e-11 
 2001       2.984991761726e-11 
 2002       2.988208402780e-11 
 2003       2.991389795142e-11 
 2004       2.994532601352e-11 
 2005       2.997633470960e-11 
 2006       3.000689040511e-11 
 2007       3.003695933524e-11 
 2008       3.006650760481e-11 
 2009       3.009550118808e-11 
 2010       3.012390592861e-11 
 2011       3.015168753906e-11 
 2012       3.017881160109e-11 
 2013       3.020524356514e-11 
 2014       3.023094875031e-11 
 2015       3.025589234418e-11 
 2016       3.028003940266e-11 
 2017       3.030335484982e-11 
 2018       3.032580347772e-11 
 2019       3.034734994629e-11 
 2020       3.036795878311e-11 
 2021       3.038759438332e-11 
 2022       3.040622100938e-11 
 2023       3.042380279098e-11 
 2024       3.044030372483e-11 
 2025       3.045568767454e-11 
 2026       3.046992257413e-11 
 2027       3.048299307220e-11 
 2028       3.049488797880e-11 
 2029       3.050559606998e-11 
 2030       3.051510608778e-11 
 2031       3.052340674015e-11 
 2032       3.053048670091e-11 
 2033       3.053633460977e-11 
 2034       3.054093907222e-11 
 2035       3.054428865955e-11 
 2036       3.054637190878e-11 
 2037       3.054717732263e-11 
 2038       3.054669336949e-11 
 2039       3.054490848335e-11 
 2040       3.054181106382e-11 
 2041       3.053738947605e-11 
 2042       3.053163205069e-11 
 2043       3.052452708387e-11 
 2044       3.051606283716e-11 
 2045       3.050622753754e-11 
 2046       3.049500937732e-11 
 2047       3.048239651417e-11 
 2048       3.046837707101e-11 
 2049       3.045293913603e-11 
 2050       3.043607076263e-11 
 2051       3.041775996937e-11 
 2052       3.039799473996e-11 
 2053       3.037676302318e-11 
 2054       3.035405273291e-11 
 2055       3.032985174801e-11 
 2056       3.030414791234e-11 
 2057       3.027692903472e-11 
 2058       3.024818288885e-11 
 2059       3.021789721332e-11 
 2060       3.018605971155e-11 
 2061       3.015265805174e-11 
 2062       3.011767986687e-11 
 2063       3.008111275462e-11 
 2064       3.004294427737e-11 
 2065       3.000316599283e-11 
 2066       2.996178557746e-11 
 2067       2.991881478892e-11 
 2068       2.987426544327e-11 
 2069       2.982814941500e-11 
 2070       2.978047863716e-11 
 2071       2.973126510139e-11 
 2072       2.968052085802e-11 
 2073       2.962825801615e-11 
 2074       2.957448874369e-11 
 2075       2.951922526748e-11 
 2076       2.946247987333e-11 
 2077       2.940426490615e-11 
 2078       2.934459276993e-11 
 2079       2.928347592792e-11 
 2080       2.922092690263e-11 
 2081       2.915695827596e-11 
 2082       2.909158268922e-11 
 2083       2.902481284325e-11 
 2084       2.895666149850e-11 
 2085       2.888714147505e-11 
 2086       2.881626565275e-11 
 2087       2.874404697125e-11 
 2088       2.867049843011e-11 
 2089       2.859563308884e-11 
 2090       2.851946406702e-11 
 2091       2.844200454433e-11 
 2092       2.836326776065e-11 
 2093       2.828326701613e-11 
 2094       2.820201567127e-11 
 2095       2.811952714701e-11 
 2096       2.803581492475e-11 
 2097       2.795089254649e-11 
 2098       2.786477361489e-11 
 2099       2.777747179331e-11 
 2100       2.768900080591e-11 
 2101       2.759937443776e-11 
 2102       2.750860653484e-11 
 2103       2.741671100419e-11 
 2104       2.732370356687e-11 
 2105       2.722960703015e-11 
 2106       2.713444605220e-11 
 2107       2.703824539253e-11 
 2108       2.694102991219e-11 
 2109       2.684282457387e-11 
 2110       2.674365444199e-11 
 2111       2.664354468287e-11 
 2112       2.654252056484e-11 
 2113       2.644060745832e-11 
 2114       2.633783083602e-11 
 2115       2.623421627300e-11 
 2116       2.612978944681e-11 
 2117       2.602457613765e-11 
 2118       2.591860222843e-11 
 2119       2.581189370492e-11 
 2120       2.570447665592e-11 
 2121       2.559637727330e-11 
 2122       2.548762185217e-11 
 2123       2.537823679102e-11 
 2124       2.526824859180e-11 
 2125       2.515768386006e-11 
 2126       2.504656930510e-11 
 2127       2.493493174004e-11 
 2128       2.482279808200e-11 
 2129       2.471019535218e-11 
 2130       2.459715067599e-11 
 2131       2.448369128321e-11 
 2132       2.436984450807e-11 
 2133       2.425563778937e-11 
 2134       2.414109867066e-11 
 2135       2.402625480028e-11 
 2136       2.391113393157e-11 
 2137       2.379576392293e-11 
 2138       2.368017273795e-11 
 2139       2.356438844558e-11 
 2140       2.344843922019e-11 
 2141       2.333235334174e-11 
 2142       2.321615919588e-11 
 2143       2.309988422696e-11 
 2144       2.298355178898e-11 
 2145       2.286718427336e-11 
 2146       2.275080415423e-11 
 2147       2.263443398851e-11 
 2148       2.251809641600e-11 
 2149       2.240181415948e-11 
 2150       2.228561002484e-11 
 2151       2.216950690110e-11 
 2152       2.205352776059e-11 
 2153       2.193769565898e-11 
 2154       2.182203373542e-11 
 2155       2.170656521261e-11 
 2156       2.159131339691e-11 
 2157       2.147630167842e-11 
 2158       2.136155353110e-11 
 2159       2.124709251282e-11 
 2160       2.113294226554e-11 
 2161       2.101912651530e-11 
 2162       2.090566907240e-11 
 2163       2.079259383145e-11 
 2164       2.067992477149e-11 
 2165       2.056768595607e-11 
 2166       2.045590153336e-11 
 2167       2.034459573622e-11 
 2168       2.023379288233e-11 
 2169       2.012351737426e-11 
 2170       2.001379369957e-11 
 2171       1.990464643093e-11 
 2172       1.979610022618e-11 
 2173       1.968817982844e-11 
 2174       1.958091006622e-11 
 2175       1.947431585350e-11 
 2176       1.936842218982e-11 
 2177       1.926325416039e-11 
 2178       1.915883693619e-11 
 2179       1.905519577404e-11 
 2180       1.895235601672e-11 
 2181       1.885034309307e-11 
 2182       1.874917972790e-11 
 2183       1.864887755124e-11 
 2184       1.854944543299e-11 
 2185       1.845089226802e-11 
 2186       1.835322697616e-11 
 2187       1.825645850226e-11 
 2188       1.816059581621e-11 
 2189       1.806564791293e-11 
 2190       1.797162381245e-11 
 2191       1.787853255988e-11 
 2192       1.778638322550e-11 
 2193       1.769518490470e-11 
 2194       1.760494671810e-11 
 2195       1.751567781149e-11 
 2196       1.742738735593e-11 
 2197       1.734008454772e-11 
 2198       1.725377860844e-11 
 2199       1.716847878500e-11 
 2200       1.708419434964e-11 
 2201       1.700093459994e-11 
 2202       1.691870885891e-11 
 2203       1.683752647493e-11 
 2204       1.675739682185e-11 
 2205       1.667832929897e-11 
 2206       1.660033333108e-11 
 2207       1.652341836848e-11 
 2208       1.644759388703e-11 
 2209       1.637286938813e-11 
 2210       1.629925439880e-11 
 2211       1.622675847164e-11 
 2212       1.615539118493e-11 
 2213       1.608516214259e-11 
 2214       1.601608097424e-11 
 2215       1.594815733524e-11 
 2216       1.588140090666e-11 
 2217       1.581582139536e-11 
 2218       1.575142853400e-11 
 2219       1.568823208104e-11 
 2220       1.562624182080e-11 
 2221       1.556546481350e-11 
 2222       1.550589712552e-11 
 2223       1.544753204471e-11 
 2224       1.539036282531e-11 
 2225       1.533438268795e-11 
 2226       1.527958481962e-11 
 2227       1.522596237358e-11 
 2228       1.517350846936e-11 
 2229       1.512221619270e-11 
 2230       1.507207859552e-11 
 2231       1.502308869586e-11 
 2232       1.497523947787e-11 
 2233       1.492852389174e-11 
 2234       1.488293485366e-11 
 2235       1.483846524579e-11 
 2236       1.479510791623e-11 
 2237       1.475285567895e-11 
 2238       1.471170131376e-11 
 2239       1.467163756629e-11 
 2240       1.463265714789e-11 
 2241       1.459475273569e-11 
 2242       1.455791697243e-11 
 2243       1.452214246653e-11 
 2244       1.448742179200e-11 
 2245       1.445374748838e-11 
 2246       1.442111206074e-11 
 2247       1.438950797962e-11 
 2248       1.435892768098e-11 
 2249       1.432936356616e-11 
 2250       1.430080800188e-11 
 2251       1.427325332012e-11 
 2252       1.424669181815e-11 
 2253       1.422111575846e-11 
 2254       1.419651736871e-11 
 2255       1.417288884170e-11 
 2256       1.415022233535e-11 
 2257       1.412850997260e-11 
 2258       1.410774384142e-11 
 2259       1.408791599477e-11 
 2260       1.406901717397e-11 
 2261       1.405103296998e-11 
 2262       1.403394763722e-11 
 2263       1.401774536773e-11 
 2264       1.400241029115e-11 
 2265       1.398792647463e-11 
 2266       1.397427792275e-11 
 2267       1.396144857747e-11 
 2268       1.394942231803e-11 
 2269       1.393818296091e-11 
 2270       1.392771425974e-11 
 2271       1.391799990523e-11 
 2272       1.390902352508e-11 
 2273       1.390076868397e-11 
 2274       1.389321888342e-11 
 2275       1.388635756176e-11 
 2276       1.388016809402e-11 
 2277       1.387463379191e-11 
 2278       1.386973790373e-11 
 2279       1.386546361425e-11 
 2280       1.386179404472e-11 
 2281       1.385871225274e-11 
 2282       1.385620123221e-11 
 2283       1.385424391325e-11 
 2284       1.385282316214e-11 
 2285       1.385192178125e-11 
 2286       1.385152250895e-11 
 2287       1.385160801955e-11 
 2288       1.385216092323e-11 
 2289       1.385316376597e-11 
 2290       1.385459902948e-11 
 2291       1.385644913112e-11 
 2292       1.385869642382e-11 
 2293       1.386132319604e-11 
 2294       1.386431167167e-11 
 2295       1.386764400999e-11 
 2296       1.387130230554e-11 
 2297       1.387526858812e-11 
 2298       1.387952482266e-11 
 2299       1.388405348259e-11 
 2300       1.388883927391e-11 
 2301       1.389386742195e-11 
 2302       1.389912309889e-11 
 2303       1.390459142371e-11 
 2304       1.391025746214e-11 
 2305       1.391610622659e-11 
 2306       1.392212267609e-11 
 2307       1.392829171624e-11 
 2308       1.393459819916e-11 
 2309       1.394102692341e-11 
 2310       1.394756263395e-11 
 2311       1.395419002206e-11 
 2312       1.396089372531e-11 
 2313       1.396765832747e-11 
 2314       1.397446835850e-11 
 2315       1.398130829443e-11 
 2316       1.398816255734e-11 
 2317       1.399501551531e-11 
 2318       1.400185148232e-11 
 2319       1.400865471823e-11 
 2320       1.401540942871e-11 
 2321       1.402209976518e-11 
 2322       1.402870982475e-11 
 2323       1.403522365016e-11 
 2324       1.404162522974e-11 
 2325       1.404789849731e-11 
 2326       1.405402733217e-11 
 2327       1.405999555902e-11 
 2328       1.406578694790e-11 
 2329       1.407138521411e-11 
 2330       1.407677401822e-11 
 2331       1.408193696592e-11 
 2332       1.408685760804e-11 
 2333       1.409151944044e-11 
 2334       1.409590590400e-11 
 2335       1.410000038449e-11 
 2336       1.410378621260e-11 
 2337       1.410724666381e-11 
 2338       1.411036672150e-11 
 2339       1.411313837845e-11 
 2340       1.411555536839e-11 
 2341       1.411761140590e-11 
 2342       1.411930018639e-11 
 2343       1.412061538605e-11 
 2344       1.412155066185e-11 
 2345       1.412209965151e-11 
 2346       1.412225597350e-11 
 2347       1.412201322700e-11 
 2348       1.412136499189e-11 
 2349       1.412030482872e-11 
 2350       1.411882627872e-11 
 2351       1.411692286372e-11 
 2352       1.411458808621e-11 
 2353       1.411181542925e-11 
 2354       1.410859835650e-11 
 2355       1.410493031217e-11 
 2356       1.410080472101e-11 
 2357       1.409621498828e-11 
 2358       1.409115449976e-11 
 2359       1.408561662171e-11 
 2360       1.407959470084e-11 
 2361       1.407308206430e-11 
 2362       1.406607201968e-11 
 2363       1.405855785495e-11 
 2364       1.405053283848e-11 
 2365       1.404199021899e-11 
 2366       1.403292322556e-11 
 2367       1.402332506759e-11 
 2368       1.401318893476e-11 
 2369       1.400250799706e-11 
 2370       1.399127540474e-11 
 2371       1.397948428830e-11 
 2372       1.396712775844e-11 
 2373       1.395419890609e-11 
 2374       1.394069080237e-11 
 2375       1.392659649855e-11 
 2376       1.391190902605e-11 
 2377       1.389662318919e-11 
 2378       1.388074095552e-11 
 2379       1.386426609866e-11 
 2380       1.384720240855e-11 
 2381       1.382955369146e-11 
 2382       1.381132377004e-11 
 2383       1.379251648331e-11 
 2384       1.377313568668e-11 
 2385       1.375318525198e-11 
 2386       1.373266906748e-11 
 2387       1.371159103789e-11 
 2388       1.368995508441e-11 
 2389       1.366776514471e-11 
 2390       1.364502517298e-11 
 2391       1.362173913992e-11 
 2392       1.359791103279e-11 
 2393       1.357354485540e-11 
 2394       1.354864462816e-11 
 2395       1.352321438806e-11 
 2396       1.349725818872e-11 
 2397       1.347078010039e-11 
 2398       1.344378420997e-11 
 2399       1.341627462104e-11 
 2400       1.338825545387e-11 
 2401       1.335973084544e-11 
 2402       1.333070494946e-11 
 2403       1.330118193638e-11 
 2404       1.327116599342e-11 
 2405       1.324066132459e-11 
 2406       1.320967215067e-11 
 2407       1.317820270931e-11 
 2408       1.314625725495e-11 
 2409       1.311384005893e-11 
 2410       1.308095540942e-11 
 2411       1.304760761152e-11 
 2412       1.301380098723e-11 
 2413       1.297953987547e-11 
 2414       1.294482863213e-11 
 2415       1.290967163004e-11 
 2416       1.287407410640e-11 
 2417       1.283804471049e-11 
 2418       1.280159297140e-11 
 2419       1.276472845212e-11 
 2420       1.272746074958e-11 
 2421       1.268979949470e-11 
 2422       1.265175435238e-11 
 2423       1.261333502158e-11 
 2424       1.257455123533e-11 
 2425       1.253541276078e-11 
 2426       1.249592939923e-11 
 2427       1.245611098616e-11 
 2428       1.241596739128e-11 
 2429       1.237550851856e-11 
 2430       1.233474430625e-11 
 2431       1.229368472695e-11 
 2432       1.225233978761e-11 
 2433       1.221071952959e-11 
 2434       1.216883402867e-11 
 2435       1.212669339512e-11 
 2436       1.208430777372e-11 
 2437       1.204168734378e-11 
 2438       1.199884231921e-11 
 2439       1.195578294852e-11 
 2440       1.191251951487e-11 
 2441       1.186906233611e-11 
 2442       1.182542176483e-11 
 2443       1.178160818836e-11 
 2444       1.173763202884e-11 
 2445       1.169350374322e-11 
 2446       1.164923382333e-11 
 2447       1.160483279590e-11 
 2448       1.156031122261e-11 
 2449       1.151567970009e-11 
 2450       1.147094886000e-11 
 2451       1.142612936904e-11 
 2452       1.138123192899e-11 
 2453       1.133626727674e-11 
 2454       1.129124618434e-11 
 2455       1.124617920131e-11 
 2456       1.120107587980e-11 
 2457       1.115594554489e-11 
 2458       1.111079755189e-11 
 2459       1.106564128639e-11 
 2460       1.102048616432e-11 
 2461       1.097534163193e-11 
 2462       1.093021716584e-11 
 2463       1.088512227307e-11 
 2464       1.084006649110e-11 
 2465       1.079505938785e-11 
 2466       1.075011056175e-11 
 2467       1.070522964173e-11 
 2468       1.066042628732e-11 
 2469       1.061571018859e-11 
 2470       1.057109106627e-11 
 2471       1.052657867170e-11 
 2472       1.048218278694e-11 
 2473       1.043791322472e-11 
 2474       1.039377982854e-11 
 2475       1.034979247265e-11 
 2476       1.030596106213e-11 
 2477       1.026229553286e-11 
 2478       1.021880585160e-11 
 2479       1.017550201601e-11 
 2480       1.013239405466e-11 
 2481       1.008949202708e-11 
 2482       1.004680602380e-11 
 2483       1.000434616635e-11 
 2484       9.962122607309e-12 
 2485       9.920145530339e-12 
 2486       9.878425150208e-12 
 2487       9.836971712826e-12 
 2488       9.795795495271e-12 
 2489       9.754906805822e-12 
 2490       9.714315983989e-12 
 2491       9.674033400544e-12 
 2492       9.634069457554e-12 
 2493       9.594434588405e-12 
 2494       9.555133602162e-12 
 2495       9.516148680268e-12 
 2496       9.477456280077e-12 
 2497       9.439032781383e-12 
 2498       9.400854486347e-12 
 2499       9.362897619415e-12 
 2500       9.325138327241e-12 
